2 0.13125 0.12421875 0.221484375 0.23828125
4 0.634375 0.62890625 0.2109375 0.2359375
0 0.36640625 0.128125 0.24375 0.249609375
5 0.61875 0.1265625 0.207421875 0.22109375
3 0.87421875 0.1296875 0.23046875 0.232421875
2 0.1234375 0.38359375 0.20390625 0.2203125
3 0.3703125 0.3890625 0.233984375 0.24375
3 0.6140625 0.3859375 0.2328125 0.247265625
3 0.8859375 0.3859375 0.18515625 0.23359375
2 0.12421875 0.63671875 0.20859375 0.22890625
4 0.36875 0.621875 0.2109375 0.226953125
0 0.86875 0.6265625 0.2390625 0.2546875
3 0.125 0.88046875 0.25 0.2390625
4 0.36875 0.890625 0.221875 0.21875
4 0.63359375 0.88046875 0.2109375 0.2390625
3 0.8859375 0.88203125 0.228125 0.2359375