0 0.12578125 0.13125 0.2515625 0.2625
0 0.3703125 0.13125 0.220703125 0.237890625
3 0.61640625 0.13828125 0.2 0.228125
2 0.8796875 0.1234375 0.182421875 0.2203125
2 0.121875 0.3796875 0.228125 0.25625
3 0.3765625 0.38203125 0.222265625 0.2375
5 0.61875 0.3796875 0.2421875 0.2421875
4 0.8765625 0.3828125 0.193359375 0.231640625
3 0.1234375 0.6296875 0.22578125 0.232421875
3 0.365625 0.625 0.216796875 0.251171875
3 0.62265625 0.6265625 0.26484375 0.274609375
0 0.87265625 0.6234375 0.22265625 0.263671875
4 0.12578125 0.871875 0.2515625 0.25625
3 0.37109375 0.8734375 0.2484375 0.253125
3 0.609375 0.871875 0.23125 0.25625
0 0.87578125 0.8734375 0.2296875 0.253125