4 0.121875 0.12578125 0.21875 0.2515625
2 0.37734375 0.1234375 0.1796875 0.246875
2 0.63046875 0.12109375 0.2015625 0.2421875
0 0.8859375 0.1296875 0.189453125 0.247265625
2 0.1296875 0.3796875 0.244140625 0.267578125
2 0.384375 0.38125 0.197265625 0.2671875
2 0.6328125 0.38203125 0.21953125 0.2625
5 0.86875 0.3796875 0.241015625 0.267578125
2 0.1203125 0.6296875 0.226171875 0.265625
5 0.3734375 0.6265625 0.196875 0.251171875
4 0.63125 0.6296875 0.244921875 0.276171875
2 0.8734375 0.628125 0.233984375 0.262890625
2 0.12734375 0.88359375 0.1859375 0.2328125
4 0.37890625 0.87890625 0.2484375 0.2421875
4 0.61796875 0.88125 0.2015625 0.2375
3 0.8734375 0.878125 0.253125 0.24375