4 0.12421875 0.1328125 0.2484375 0.265625
3 0.37890625 0.134375 0.21484375 0.241796875
4 0.6234375 0.134375 0.234765625 0.259765625
5 0.865625 0.13203125 0.188671875 0.2359375
0 0.12421875 0.38671875 0.2453125 0.2328125
4 0.3796875 0.3796875 0.219140625 0.22734375
5 0.6375 0.3796875 0.233984375 0.241796875
2 0.871875 0.38671875 0.210546875 0.2125
5 0.1234375 0.63203125 0.23671875 0.240625
2 0.36875 0.625 0.208984375 0.233203125
5 0.63046875 0.634375 0.24140625 0.239453125
4 0.87109375 0.628125 0.215625 0.234765625
2 0.121875 0.875 0.215625 0.25
4 0.37734375 0.88046875 0.2109375 0.2390625
3 0.63046875 0.88671875 0.2078125 0.2265625
3 0.88828125 0.88515625 0.2046875 0.2296875