0 0.12734375 0.14921875 0.19140625 0.21875
0 0.37109375 0.12421875 0.1734375 0.21640625
0 0.87109375 0.12578125 0.190625 0.22734375
0 0.634375 0.6265625 0.234375 0.248046875
4 0.61171875 0.13125 0.1890625 0.231640625
4 0.134375 0.3734375 0.191796875 0.2421875
4 0.87734375 0.62421875 0.2328125 0.259375
4 0.375 0.88125 0.213671875 0.233203125
5 0.3765625 0.3796875 0.200390625 0.23125
5 0.6296875 0.3796875 0.201171875 0.239453125
5 0.1265625 0.87890625 0.182421875 0.22890625
5 0.86796875 0.88203125 0.2203125 0.2359375
3 0.8765625 0.3828125 0.190234375 0.22265625
3 0.12109375 0.62109375 0.20390625 0.25546875
3 0.3734375 0.6203125 0.220703125 0.266796875
2 0.61484375 0.87265625 0.2203125 0.2546875