0 0.12734375 0.14921875 0.1765625 0.20703125
0 0.37109375 0.12421875 0.171875 0.21484375
0 0.87109375 0.12578125 0.19375 0.2296875
0 0.634375 0.6265625 0.2328125 0.247265625
4 0.61171875 0.13125 0.1765625 0.223046875
4 0.134375 0.3734375 0.194140625 0.24375
4 0.87734375 0.62421875 0.21015625 0.240625
4 0.37421875 0.88046875 0.2234375 0.2390625
5 0.3765625 0.3796875 0.194921875 0.22734375
5 0.6296875 0.3796875 0.195703125 0.235546875
5 0.1265625 0.87890625 0.184765625 0.23046875
5 0.86796875 0.884375 0.2140625 0.23125
3 0.8765625 0.3828125 0.208203125 0.2375
3 0.12109375 0.62109375 0.20546875 0.25625
3 0.3734375 0.6203125 0.205859375 0.256640625
2 0.61484375 0.875 0.2078125 0.25