4 0.12578125 0.14140625 0.240625 0.240625
0 0.3765625 0.13125 0.200390625 0.228515625
5 0.62421875 0.14921875 0.19375 0.215625
2 0.865625 0.1375 0.19296875 0.2234375
2 0.1234375 0.40078125 0.219140625 0.2046875
2 0.37265625 0.38984375 0.253125 0.2375
4 0.63125 0.384375 0.21328125 0.245703125
0 0.8765625 0.3875 0.24140625 0.254296875
0 0.12265625 0.62265625 0.2453125 0.2390625
0 0.3640625 0.6265625 0.230078125 0.224609375
3 0.6265625 0.6359375 0.213671875 0.233203125
3 0.88359375 0.63828125 0.22734375 0.22734375
3 0.1375 0.8734375 0.23828125 0.2203125
4 0.3625 0.87421875 0.23125 0.2515625
3 0.6265625 0.87890625 0.23125 0.2421875
3 0.86328125 0.88046875 0.2046875 0.2390625