3 0.12734375 0.13359375 0.2015625 0.2328125
3 0.6203125 0.1296875 0.21640625 0.228125
3 0.12734375 0.37265625 0.1828125 0.2328125
3 0.37421875 0.8734375 0.1828125 0.23046875
5 0.3703125 0.128125 0.23046875 0.240625
5 0.875 0.38125 0.196875 0.228125
5 0.6234375 0.6296875 0.19921875 0.21875
2 0.8796875 0.1265625 0.20703125 0.240625
2 0.38125 0.37265625 0.22109375 0.2359375
2 0.6234375 0.871875 0.18046875 0.23046875
2 0.621875 0.375 0.18046875 0.228125
4 0.1234375 0.6203125 0.18984375 0.23828125
4 0.38203125 0.62578125 0.2140625 0.2328125
4 0.8734375 0.6296875 0.21640625 0.22109375
2 0.115625 0.87578125 0.175 0.2484375
0 0.875 0.87734375 0.165625 0.2453125