5 0.13125 0.12890625 0.225390625 0.24140625
2 0.3734375 0.1296875 0.20390625 0.240625
0 0.6203125 0.134375 0.237109375 0.224609375
2 0.875 0.1359375 0.215234375 0.2390625
0 0.12265625 0.3890625 0.21953125 0.229296875
3 0.3734375 0.37734375 0.219140625 0.2640625
0 0.6171875 0.384375 0.213671875 0.202734375
0 0.8640625 0.3859375 0.20234375 0.254296875
4 0.1265625 0.6421875 0.199609375 0.2234375
3 0.36640625 0.634375 0.21015625 0.226171875
4 0.62109375 0.634375 0.2140625 0.232421875
2 0.878125 0.6328125 0.2375 0.253125
4 0.13125 0.8890625 0.228125 0.221875
4 0.371875 0.8875 0.2375 0.225
3 0.62109375 0.8796875 0.2421875 0.240625
2 0.8765625 0.87578125 0.246875 0.2484375