5 0.13125 0.12890625 0.241796875 0.25625
2 0.3734375 0.1296875 0.20859375 0.24453125
0 0.6203125 0.134375 0.249609375 0.238671875
2 0.875 0.1359375 0.207421875 0.23359375
0 0.12265625 0.3890625 0.22109375 0.230078125
3 0.3734375 0.37734375 0.228515625 0.271875
0 0.6171875 0.384375 0.210546875 0.198828125
0 0.8640625 0.3859375 0.20390625 0.255859375
4 0.1265625 0.6421875 0.206640625 0.2296875
3 0.36640625 0.634375 0.225 0.240234375
4 0.62109375 0.634375 0.2140625 0.232421875
2 0.878125 0.6328125 0.22578125 0.24296875
4 0.13125 0.8921875 0.215625 0.215625
4 0.371875 0.89296875 0.215625 0.2140625
3 0.62109375 0.88359375 0.2296875 0.2328125
2 0.87890625 0.87890625 0.2421875 0.2421875