3 0.1265625 0.13046875 0.194140625 0.24609375
3 0.375 0.12734375 0.2109375 0.234375
3 0.621875 0.3796875 0.198828125 0.244140625
3 0.375 0.6296875 0.222265625 0.255859375
0 0.61875 0.1296875 0.215625 0.259375
0 0.13125 0.37890625 0.205078125 0.2421875
0 0.6296875 0.628125 0.18125 0.218359375
0 0.6234375 0.8734375 0.2375 0.253125
0 0.11875 0.871875 0.221875 0.25625
4 0.8734375 0.12578125 0.2125 0.2515625
4 0.1203125 0.6234375 0.214453125 0.246875
4 0.8796875 0.63046875 0.216015625 0.2296875
5 0.37421875 0.37578125 0.2125 0.2484375
5 0.37109375 0.88125 0.20859375 0.233984375
5 0.87109375 0.8734375 0.2109375 0.253125
2 0.8640625 0.3828125 0.241015625 0.244921875