5 0.1234375 0.13125 0.212890625 0.243359375
5 0.3796875 0.3765625 0.250390625 0.258203125
5 0.871875 0.37734375 0.2515625 0.24765625
5 0.1328125 0.6265625 0.255859375 0.243359375
5 0.36875 0.6359375 0.169140625 0.22265625
5 0.8734375 0.628125 0.191796875 0.226953125
5 0.11796875 0.87265625 0.2265625 0.2546875
5 0.3765625 0.87734375 0.18125 0.2453125
5 0.61484375 0.89375 0.1734375 0.2125
5 0.86796875 0.88828125 0.1796875 0.2234375
3 0.37890625 0.13125 0.2453125 0.2625
3 0.12109375 0.3734375 0.2109375 0.251171875
0 0.6234375 0.13125 0.1984375 0.231640625
0 0.6234375 0.6328125 0.214453125 0.248046875
0 0.88515625 0.125 0.2234375 0.25
0 0.62578125 0.3765625 0.21875 0.238671875