5 0.1234375 0.13125 0.222265625 0.251171875
5 0.3796875 0.3765625 0.230859375 0.239453125
5 0.87109375 0.3765625 0.2578125 0.25625
5 0.1328125 0.6265625 0.245703125 0.232421875
5 0.36875 0.6359375 0.159765625 0.21640625
5 0.8734375 0.628125 0.197265625 0.231640625
5 0.11875 0.8765625 0.20234375 0.2453125
5 0.3765625 0.87890625 0.171875 0.2421875
5 0.61484375 0.8921875 0.1828125 0.215625
5 0.86796875 0.8875 0.1859375 0.225
3 0.37890625 0.12734375 0.2234375 0.2546875
3 0.12109375 0.3734375 0.18671875 0.233203125
0 0.6234375 0.13125 0.1953125 0.229296875
0 0.6234375 0.6328125 0.198828125 0.237109375
0 0.884375 0.12265625 0.215625 0.2453125
0 0.62578125 0.3765625 0.2203125 0.240234375