3 0.12734375 0.12890625 0.2546875 0.2578125
5 0.37265625 0.128125 0.2171875 0.25625
4 0.64921875 0.1265625 0.2140625 0.253125
5 0.86875 0.12734375 0.199609375 0.24375
2 0.11875 0.38203125 0.208984375 0.253125
0 0.37734375 0.39296875 0.246875 0.246875
0 0.6296875 0.3859375 0.221875 0.237109375
3 0.871875 0.3796875 0.2515625 0.26953125
4 0.12734375 0.63125 0.228125 0.259765625
5 0.36953125 0.6421875 0.228125 0.221484375
5 0.621875 0.6359375 0.251953125 0.255078125
3 0.88359375 0.6359375 0.203125 0.226953125
4 0.1234375 0.8765625 0.225390625 0.233984375
3 0.384375 0.8921875 0.225 0.215625
5 0.62421875 0.8796875 0.2359375 0.240625
3 0.87265625 0.88671875 0.2203125 0.2265625