3 0.12265625 0.128125 0.240625 0.238671875
3 0.3765625 0.1265625 0.236328125 0.25
3 0.878125 0.13671875 0.221875 0.23671875
3 0.128125 0.6234375 0.205078125 0.2328125
2 0.634375 0.13125 0.241796875 0.245703125
2 0.87734375 0.6234375 0.2015625 0.251953125
2 0.13125 0.375 0.22265625 0.241015625
2 0.378125 0.6328125 0.238671875 0.24140625
2 0.6203125 0.6265625 0.205859375 0.241796875
2 0.3765625 0.8890625 0.199609375 0.206640625
2 0.61484375 0.878125 0.2203125 0.24375
0 0.37421875 0.3796875 0.23984375 0.2625
0 0.8734375 0.8859375 0.19375 0.228125
0 0.6265625 0.37890625 0.209765625 0.2265625
0 0.87109375 0.3828125 0.18671875 0.237109375
0 0.1234375 0.88125 0.162890625 0.236328125