3 0.12265625 0.128125 0.2375 0.235546875
3 0.37578125 0.1265625 0.2421875 0.253125
3 0.878125 0.13671875 0.20390625 0.2203125
3 0.128125 0.6234375 0.210546875 0.2375
2 0.634375 0.13125 0.225390625 0.229296875
2 0.87734375 0.6234375 0.2015625 0.251953125
2 0.13125 0.375 0.2359375 0.253515625
2 0.378125 0.6328125 0.217578125 0.2203125
2 0.6203125 0.6265625 0.214453125 0.248046875
2 0.37578125 0.8859375 0.2265625 0.228125
2 0.61484375 0.87890625 0.2140625 0.2421875
0 0.37421875 0.3796875 0.23671875 0.26015625
0 0.87265625 0.8859375 0.1921875 0.228125
0 0.6265625 0.37890625 0.228515625 0.24375
0 0.87109375 0.3828125 0.19453125 0.242578125
0 0.1234375 0.88125 0.162890625 0.236328125