5 0.12578125 0.1265625 0.2234375 0.24921875
5 0.63046875 0.12109375 0.2078125 0.2421875
5 0.625 0.6328125 0.186328125 0.226953125
5 0.1234375 0.8796875 0.21875 0.240625
5 0.61796875 0.878125 0.2109375 0.24375
5 0.87890625 0.88125 0.1984375 0.2375
2 0.37109375 0.12265625 0.2296875 0.2453125
2 0.87421875 0.1234375 0.2078125 0.246875
2 0.128125 0.38203125 0.255078125 0.25703125
2 0.12734375 0.63671875 0.175 0.22421875
0 0.384375 0.3859375 0.2125 0.238671875
0 0.6296875 0.38125 0.173828125 0.219921875
4 0.87109375 0.3734375 0.22578125 0.25078125
4 0.884375 0.63359375 0.20234375 0.240625
4 0.375 0.87109375 0.221875 0.2578125
3 0.3796875 0.6296875 0.223046875 0.25078125