0 0.13125 0.12734375 0.225390625 0.2484375
5 0.36328125 0.1296875 0.2390625 0.259375
4 0.62109375 0.12734375 0.22734375 0.2484375
5 0.87890625 0.1234375 0.2421875 0.246875
5 0.1265625 0.3859375 0.211328125 0.236328125
4 0.37734375 0.384375 0.22109375 0.219140625
0 0.6328125 0.37421875 0.238671875 0.25390625
4 0.86953125 0.378125 0.2375 0.2421875
2 0.1234375 0.63203125 0.226953125 0.2375
4 0.3765625 0.6171875 0.236328125 0.251953125
3 0.62890625 0.63359375 0.209375 0.2421875
0 0.87578125 0.6328125 0.2484375 0.265625
3 0.13515625 0.878125 0.2515625 0.24375
4 0.371875 0.87109375 0.234375 0.2578125
0 0.62421875 0.8796875 0.2109375 0.240625
0 0.87890625 0.8875 0.2109375 0.225