5 0.121875 0.13671875 0.193359375 0.2078125
5 0.8640625 0.375 0.19140625 0.247265625
3 0.375 0.12109375 0.171484375 0.22578125
3 0.1171875 0.37265625 0.234375 0.2609375
3 0.6265625 0.37109375 0.202734375 0.22890625
3 0.1265625 0.61484375 0.235546875 0.2578125
3 0.87578125 0.6234375 0.17421875 0.23046875
2 0.62890625 0.1203125 0.1703125 0.237890625
2 0.63046875 0.62890625 0.2125 0.2484375
2 0.13125 0.88125 0.1875 0.2375
2 0.37109375 0.88125 0.1828125 0.2375
2 0.634375 0.8734375 0.2125 0.253125
4 0.87109375 0.11640625 0.1890625 0.2328125
4 0.37265625 0.3796875 0.2 0.241015625
4 0.87421875 0.88125 0.1703125 0.2375
0 0.3703125 0.62734375 0.203515625 0.25