5 0.1265625 0.13125 0.203125 0.257421875
2 0.3765625 0.1296875 0.22578125 0.237890625
3 0.625 0.13125 0.232421875 0.236328125
5 0.8625 0.11875 0.237109375 0.237109375
2 0.13203125 0.3890625 0.2453125 0.243359375
0 0.37421875 0.375 0.25703125 0.266796875
4 0.6234375 0.37421875 0.242578125 0.2640625
3 0.8828125 0.375 0.234375 0.265625
3 0.13125 0.6328125 0.241015625 0.249609375
0 0.3875 0.62734375 0.249609375 0.25625
0 0.62109375 0.63125 0.2234375 0.253515625
2 0.87578125 0.6296875 0.22109375 0.245703125
4 0.128125 0.8796875 0.2125 0.240625
3 0.37265625 0.8828125 0.1765625 0.234375
3 0.62734375 0.875 0.1859375 0.25
3 0.88125 0.86875 0.2375 0.2625