0 0.128125 0.13203125 0.25625 0.2640625
0 0.37578125 0.128125 0.2171875 0.2390625
4 0.628125 0.1390625 0.209765625 0.235546875
0 0.884375 0.1296875 0.210546875 0.2375
4 0.13125 0.39375 0.2265625 0.23671875
3 0.3765625 0.384375 0.2296875 0.226953125
3 0.6265625 0.3765625 0.195703125 0.248046875
4 0.8765625 0.39140625 0.233984375 0.2546875
4 0.11328125 0.64296875 0.22265625 0.23125
4 0.3796875 0.62734375 0.229296875 0.23984375
2 0.63125 0.63125 0.219140625 0.244921875
0 0.87734375 0.646875 0.21953125 0.229296875
3 0.12109375 0.8859375 0.2140625 0.228125
2 0.36328125 0.884375 0.2046875 0.23125
5 0.61640625 0.86875 0.2234375 0.2625
5 0.8703125 0.8796875 0.240625 0.240625