4 0.12265625 0.125 0.2265625 0.25
4 0.3609375 0.125 0.17890625 0.246484375
4 0.1234375 0.63125 0.184765625 0.232421875
4 0.3671875 0.63125 0.202734375 0.235546875
4 0.1234375 0.86953125 0.225 0.2609375
4 0.8703125 0.88515625 0.19375 0.2296875
5 0.628125 0.1265625 0.21796875 0.25078125
5 0.6296875 0.87890625 0.165625 0.2421875
3 0.8796875 0.13203125 0.1796875 0.23359375
3 0.86875 0.628125 0.186328125 0.242578125
2 0.1265625 0.3734375 0.229296875 0.276953125
2 0.37890625 0.3734375 0.21796875 0.23125
2 0.88203125 0.38515625 0.203125 0.2453125
2 0.621875 0.6296875 0.170703125 0.235546875
2 0.36953125 0.87421875 0.2015625 0.2515625
0 0.6296875 0.36640625 0.239453125 0.25