3 0.12734375 0.1359375 0.2328125 0.243359375
4 0.36875 0.13359375 0.225390625 0.2328125
2 0.63203125 0.134375 0.2296875 0.239453125
3 0.87265625 0.125 0.2515625 0.25
3 0.13046875 0.384375 0.215625 0.237890625
4 0.36640625 0.38125 0.19609375 0.241015625
3 0.6203125 0.384375 0.2703125 0.262109375
3 0.871875 0.38984375 0.232421875 0.24375
3 0.1375 0.6328125 0.19453125 0.227734375
0 0.36171875 0.6421875 0.215625 0.232421875
3 0.628125 0.6359375 0.234765625 0.23671875
0 0.88359375 0.6421875 0.20859375 0.221484375
2 0.128125 0.87734375 0.196875 0.2453125
4 0.37578125 0.8890625 0.1984375 0.221875
0 0.63359375 0.8796875 0.2265625 0.240625
4 0.86953125 0.8796875 0.2109375 0.240625