3 0.09609375 0.12265625 0.1921875 0.2453125
4 0.2234375 0.1765625 0.063671875 0.128125
5 0.375 0.12734375 0.224609375 0.2484375
4 0.62109375 0.13125 0.22890625 0.238671875
2 0.871875 0.1296875 0.235546875 0.2421875
3 0.11875 0.378125 0.217578125 0.230078125
4 0.371875 0.378125 0.223828125 0.253515625
4 0.628125 0.3828125 0.195703125 0.235546875
2 0.86953125 0.37734375 0.19375 0.234375
5 0.11796875 0.634375 0.21640625 0.244921875
4 0.36875 0.6328125 0.24765625 0.2359375
2 0.6265625 0.63203125 0.212109375 0.228125
3 0.87109375 0.63203125 0.2109375 0.24375
3 0.11328125 0.88046875 0.2171875 0.2390625
5 0.36953125 0.878125 0.2234375 0.24375
2 0.63125 0.875 0.24375 0.25
2 0.87734375 0.8765625 0.2453125 0.246875