5 0.1234375 0.12734375 0.195703125 0.23203125
5 0.38125 0.3703125 0.1875 0.244921875
5 0.628125 0.3859375 0.19296875 0.220703125
5 0.88125 0.375 0.224609375 0.260546875
5 0.13125 0.6296875 0.23828125 0.266796875
5 0.634375 0.6234375 0.198828125 0.210546875
4 0.3703125 0.12265625 0.1875 0.2453125
4 0.63125 0.12890625 0.198828125 0.23671875
4 0.875 0.1265625 0.200390625 0.2375
4 0.1375 0.37890625 0.22890625 0.25
4 0.37734375 0.6203125 0.246875 0.266015625
4 0.86484375 0.87421875 0.2015625 0.2515625
0 0.875 0.6359375 0.21484375 0.230078125
0 0.37421875 0.884375 0.2171875 0.23125
0 0.63359375 0.878125 0.1984375 0.24375
2 0.12734375 0.88203125 0.1921875 0.2359375