5 0.1234375 0.12734375 0.205859375 0.23984375
5 0.38125 0.3703125 0.21171875 0.259765625
5 0.628125 0.3859375 0.190625 0.219140625
5 0.88125 0.375 0.218359375 0.255859375
5 0.13125 0.6296875 0.21953125 0.251953125
5 0.634375 0.6234375 0.185546875 0.198046875
4 0.3703125 0.128125 0.21875 0.25625
4 0.63125 0.12890625 0.207421875 0.24375
4 0.875 0.1265625 0.191015625 0.23046875
4 0.1375 0.37890625 0.2109375 0.234375
4 0.37734375 0.6203125 0.2390625 0.259765625
4 0.865625 0.875 0.196875 0.25
0 0.875 0.6359375 0.225 0.240234375
0 0.37421875 0.88828125 0.1984375 0.2234375
0 0.634375 0.878125 0.2 0.24375
2 0.12734375 0.88359375 0.1796875 0.2328125