5 0.12578125 0.1296875 0.18671875 0.237109375
5 0.63046875 0.378125 0.23359375 0.268359375
5 0.13125 0.6265625 0.23046875 0.260546875
2 0.36875 0.1265625 0.203515625 0.24375
2 0.621875 0.13828125 0.188671875 0.23203125
0 0.87265625 0.1296875 0.228125 0.248046875
0 0.11796875 0.38203125 0.2234375 0.25625
0 0.37890625 0.3734375 0.20703125 0.248046875
0 0.8765625 0.375 0.199609375 0.237890625
0 0.11953125 0.87734375 0.2296875 0.2453125
0 0.62890625 0.88359375 0.1796875 0.2328125
2 0.628125 0.625 0.208203125 0.239453125
4 0.3796875 0.6296875 0.219140625 0.25078125
3 0.88125 0.62109375 0.223046875 0.2546875
3 0.38125 0.87890625 0.215625 0.2421875
3 0.87890625 0.86796875 0.2234375 0.2640625