4 0.12109375 0.1203125 0.2359375 0.240625
3 0.3671875 0.1265625 0.228125 0.253125
3 0.63359375 0.12421875 0.2234375 0.2484375
3 0.87578125 0.1375 0.2484375 0.275
2 0.14765625 0.38359375 0.24296875 0.26953125
5 0.3765625 0.3734375 0.23828125 0.252734375
0 0.634375 0.3796875 0.215234375 0.229296875
0 0.871875 0.3859375 0.2375 0.253125
0 0.121875 0.6328125 0.212890625 0.228515625
3 0.36171875 0.6328125 0.22578125 0.231640625
2 0.6328125 0.63671875 0.207421875 0.22578125
3 0.875 0.628125 0.213671875 0.217578125
4 0.12578125 0.88359375 0.2203125 0.2328125
4 0.36328125 0.884375 0.2296875 0.23125
2 0.62109375 0.8734375 0.2515625 0.253125
0 0.878125 0.87265625 0.24375 0.2546875