3 0.121875 0.1234375 0.19453125 0.228125
3 0.3796875 0.12421875 0.21171875 0.2234375
3 0.13203125 0.3765625 0.1828125 0.23046875
3 0.37578125 0.3828125 0.1734375 0.21875
3 0.634375 0.875 0.1875 0.25
3 0.8734375 0.87734375 0.178125 0.2453125
5 0.63046875 0.125 0.1828125 0.23828125
5 0.871875 0.1296875 0.1875 0.22109375
5 0.61875 0.62734375 0.21171875 0.2234375
4 0.6234375 0.37734375 0.18984375 0.2140625
4 0.12109375 0.88359375 0.1828125 0.2328125
0 0.8734375 0.3796875 0.13203125 0.21171875
2 0.1171875 0.628125 0.196875 0.240625
2 0.375 0.625 0.21640625 0.21875
0 0.8859375 0.634375 0.17578125 0.209375
2 0.36875 0.8859375 0.165625 0.228125