3 0.128125 0.13046875 0.203125 0.25
2 0.3828125 0.128125 0.191015625 0.252734375
2 0.62109375 0.1328125 0.2140625 0.24296875
0 0.8734375 0.1296875 0.223046875 0.232421875
0 0.1265625 0.3796875 0.226953125 0.236328125
0 0.3703125 0.3703125 0.217578125 0.241015625
3 0.628125 0.38125 0.2640625 0.261328125
4 0.8734375 0.378125 0.237109375 0.248828125
4 0.128125 0.6328125 0.215625 0.213671875
0 0.378125 0.6296875 0.226953125 0.225
3 0.6203125 0.62890625 0.231640625 0.21171875
3 0.87109375 0.625 0.2578125 0.265625
0 0.1296875 0.88203125 0.226953125 0.22890625
2 0.375 0.87890625 0.204296875 0.21875
0 0.6296875 0.88359375 0.24375 0.2328125
4 0.87734375 0.871875 0.2453125 0.25625