4 0.1171875 0.13125 0.234375 0.2625
3 0.3921875 0.12578125 0.234375 0.24609375
3 0.62890625 0.1328125 0.2203125 0.265625
3 0.8734375 0.15546875 0.190234375 0.1703125
3 0.13671875 0.3859375 0.24375 0.246875
2 0.38203125 0.38671875 0.1921875 0.24609375
3 0.6296875 0.38125 0.215625 0.224609375
4 0.88515625 0.38671875 0.2125 0.2484375
0 0.11875 0.63203125 0.195703125 0.24375
3 0.378125 0.628125 0.203515625 0.22109375
2 0.621875 0.640625 0.268359375 0.2359375
0 0.8640625 0.634375 0.186328125 0.2234375
4 0.11796875 0.87890625 0.1796875 0.2421875
3 0.371875 0.871875 0.23125 0.25625
4 0.61484375 0.86953125 0.2453125 0.2609375
3 0.88046875 0.8734375 0.2390625 0.253125