4 0.11875 0.13203125 0.2375 0.2640625
3 0.3921875 0.12578125 0.221875 0.23515625
3 0.62890625 0.134375 0.2296875 0.26875
3 0.8734375 0.15546875 0.200390625 0.18203125
3 0.13671875 0.3859375 0.2265625 0.23046875
2 0.38203125 0.38671875 0.20625 0.2546875
3 0.6296875 0.38125 0.22265625 0.230859375
4 0.88515625 0.38671875 0.20703125 0.24453125
0 0.11875 0.63203125 0.197265625 0.2453125
3 0.378125 0.628125 0.198828125 0.2171875
2 0.621875 0.640625 0.262109375 0.22734375
0 0.8640625 0.634375 0.176953125 0.215625
4 0.11796875 0.8734375 0.2140625 0.253125
3 0.37109375 0.875 0.2140625 0.25
4 0.61484375 0.8734375 0.2265625 0.253125
3 0.8796875 0.87265625 0.240625 0.2546875