5 0.12734375 0.13203125 0.2125 0.2390625
2 0.3796875 0.1296875 0.206640625 0.244140625
2 0.62421875 0.1265625 0.2265625 0.253125
5 0.8765625 0.12421875 0.221875 0.2484375
3 0.1234375 0.37421875 0.2171875 0.25234375
3 0.3734375 0.378125 0.205078125 0.242578125
2 0.621875 0.3765625 0.225390625 0.253515625
2 0.8875 0.3796875 0.172265625 0.24296875
0 0.1234375 0.6359375 0.17734375 0.225390625
0 0.375 0.61875 0.204296875 0.2640625
0 0.62265625 0.634375 0.175 0.22890625
0 0.87109375 0.6296875 0.19921875 0.236328125
0 0.12421875 0.878125 0.1984375 0.24375
2 0.3625 0.87265625 0.209375 0.2546875
4 0.6109375 0.88359375 0.20625 0.2328125
3 0.871875 0.87734375 0.2125 0.2453125