2 0.1203125 0.1296875 0.225390625 0.25
0 0.37421875 0.125 0.2453125 0.25
4 0.621875 0.1359375 0.199609375 0.23984375
3 0.88203125 0.1421875 0.2328125 0.24453125
2 0.11875 0.384375 0.213671875 0.232421875
4 0.3703125 0.371875 0.222265625 0.252734375
2 0.6296875 0.38828125 0.20078125 0.2359375
3 0.884375 0.3796875 0.207421875 0.256640625
3 0.11953125 0.6265625 0.21640625 0.256640625
3 0.3703125 0.6375 0.236328125 0.275390625
2 0.6265625 0.625 0.210546875 0.266796875
5 0.88203125 0.61875 0.23359375 0.255078125
4 0.14140625 0.8734375 0.2515625 0.253125
0 0.384375 0.8890625 0.19375 0.221875
2 0.61796875 0.8765625 0.2015625 0.246875
3 0.87578125 0.8796875 0.2171875 0.240625