2 0.1203125 0.1296875 0.222265625 0.24765625
0 0.37421875 0.1234375 0.2390625 0.246875
4 0.621875 0.1359375 0.201171875 0.240625
3 0.88203125 0.1421875 0.21484375 0.228125
2 0.11875 0.384375 0.225390625 0.242578125
4 0.3703125 0.371875 0.219921875 0.250390625
2 0.6296875 0.38828125 0.22734375 0.25703125
3 0.884375 0.3796875 0.201953125 0.251953125
3 0.11953125 0.6265625 0.23125 0.267578125
3 0.3703125 0.6375 0.224609375 0.266796875
2 0.6265625 0.625 0.216015625 0.270703125
5 0.88203125 0.61875 0.21015625 0.235546875
4 0.14140625 0.87421875 0.2484375 0.2515625
0 0.384375 0.88671875 0.209375 0.2265625
2 0.61796875 0.875 0.2078125 0.25
3 0.87578125 0.875 0.2390625 0.25