3 0.1234375 0.1265625 0.20859375 0.241796875
0 0.37265625 0.1296875 0.22734375 0.242578125
5 0.6359375 0.128125 0.144140625 0.230859375
0 0.871875 0.1296875 0.205859375 0.24921875
4 0.134375 0.3765625 0.214453125 0.260546875
3 0.36484375 0.38125 0.23046875 0.232421875
0 0.625 0.3765625 0.24140625 0.262890625
0 0.871875 0.37421875 0.2296875 0.2609375
3 0.1171875 0.6265625 0.184765625 0.225390625
5 0.3640625 0.62265625 0.214453125 0.2484375
4 0.62109375 0.62734375 0.25390625 0.2640625
0 0.87578125 0.63125 0.2140625 0.233203125
5 0.11875 0.87109375 0.209375 0.2578125
3 0.3734375 0.8828125 0.240625 0.234375
0 0.63203125 0.87265625 0.1984375 0.2546875
0 0.8703125 0.8796875 0.196875 0.240625