2 0.11875 0.13203125 0.229296875 0.2359375
0 0.36328125 0.13203125 0.2046875 0.2640625
3 0.61953125 0.13125 0.2546875 0.2625
2 0.865625 0.13359375 0.219921875 0.24921875
2 0.125 0.3703125 0.231640625 0.258984375
0 0.3734375 0.38125 0.211328125 0.2421875
0 0.6296875 0.38125 0.219140625 0.233203125
4 0.8703125 0.384375 0.24921875 0.228125
5 0.1265625 0.634375 0.250390625 0.2640625
0 0.37109375 0.634375 0.2390625 0.237109375
4 0.6296875 0.6375 0.218359375 0.239453125
4 0.871875 0.640625 0.225 0.201171875
4 0.13046875 0.8859375 0.1828125 0.225390625
3 0.36953125 0.88046875 0.2421875 0.2390625
3 0.63984375 0.87890625 0.2515625 0.2421875
0 0.87421875 0.878125 0.1890625 0.24375