3 0.12578125 0.128125 0.23203125 0.248046875
4 0.37734375 0.13359375 0.22578125 0.22578125
3 0.625 0.13125 0.212890625 0.247265625
5 0.875 0.1296875 0.201171875 0.227734375
5 0.1234375 0.37734375 0.159765625 0.25390625
5 0.375 0.3765625 0.207421875 0.256640625
3 0.625 0.3765625 0.20078125 0.241015625
2 0.878125 0.3765625 0.177734375 0.24375
0 0.11875 0.63125 0.2140625 0.230859375
0 0.3734375 0.6234375 0.26015625 0.26875
5 0.6296875 0.62734375 0.223046875 0.2515625
4 0.88046875 0.6140625 0.22265625 0.231640625
4 0.1171875 0.875 0.234375 0.25
5 0.37265625 0.875 0.2046875 0.25
2 0.615625 0.87734375 0.209375 0.2453125
3 0.86796875 0.87265625 0.2171875 0.2546875