3 0.12578125 0.128125 0.22890625 0.245703125
4 0.37734375 0.13359375 0.22578125 0.22578125
3 0.625 0.13125 0.186328125 0.226953125
5 0.875 0.1296875 0.223046875 0.245703125
5 0.1234375 0.37734375 0.167578125 0.25703125
5 0.375 0.3765625 0.191796875 0.244921875
3 0.625 0.3765625 0.20390625 0.243359375
2 0.878125 0.3765625 0.156640625 0.2328125
0 0.11875 0.63125 0.2265625 0.241796875
0 0.3734375 0.6234375 0.2484375 0.2578125
5 0.6296875 0.62734375 0.230078125 0.2578125
4 0.88046875 0.6140625 0.21015625 0.219921875
4 0.1203125 0.87265625 0.240625 0.2546875
5 0.37265625 0.875 0.2046875 0.25
2 0.615625 0.87109375 0.2375 0.2578125
3 0.86796875 0.871875 0.2234375 0.25625