5 0.1375 0.13359375 0.210546875 0.2359375
3 0.378125 0.12734375 0.2375 0.2546875
5 0.621875 0.11640625 0.211328125 0.22109375
0 0.8921875 0.1265625 0.16484375 0.236328125
4 0.12578125 0.38125 0.20703125 0.2328125
5 0.3703125 0.3828125 0.182421875 0.231640625
4 0.621875 0.375 0.201953125 0.25546875
2 0.871875 0.3765625 0.212890625 0.248828125
4 0.12421875 0.625 0.184375 0.223046875
2 0.36875 0.6265625 0.163671875 0.23359375
0 0.62265625 0.621875 0.203125 0.232421875
3 0.8703125 0.63515625 0.176953125 0.22890625
2 0.12890625 0.87421875 0.2015625 0.2515625
5 0.38046875 0.878125 0.2140625 0.24375
4 0.6359375 0.8796875 0.162109375 0.222265625
0 0.8765625 0.8765625 0.209375 0.246875