3 0.10625 0.11953125 0.2125 0.2359375
4 0.3796875 0.128125 0.23046875 0.253515625
3 0.62265625 0.12421875 0.22734375 0.24765625
4 0.88515625 0.12734375 0.2296875 0.2359375
2 0.11640625 0.3796875 0.2328125 0.253125
0 0.3796875 0.38828125 0.23203125 0.23671875
3 0.6234375 0.38203125 0.226953125 0.24140625
3 0.8765625 0.37734375 0.176953125 0.25546875
0 0.11875 0.621875 0.2375 0.259375
4 0.3734375 0.625 0.212890625 0.224609375
4 0.62265625 0.62421875 0.259375 0.23671875
4 0.87109375 0.634375 0.23203125 0.237890625
3 0.11953125 0.88046875 0.2359375 0.2390625
3 0.36484375 0.88828125 0.1765625 0.2234375
3 0.62578125 0.8921875 0.2453125 0.215625
0 0.8859375 0.8890625 0.228125 0.221875