5 0.1265625 0.134375 0.16171875 0.225390625
5 0.128125 0.3796875 0.224609375 0.246484375
5 0.878125 0.3828125 0.20859375 0.252734375
5 0.1265625 0.6265625 0.19921875 0.255859375
5 0.61875 0.6265625 0.18359375 0.234765625
5 0.13203125 0.875 0.2078125 0.25
5 0.37421875 0.88125 0.1859375 0.2375
4 0.37578125 0.128125 0.2234375 0.25625
4 0.6203125 0.1296875 0.214453125 0.24765625
3 0.878125 0.11953125 0.196875 0.2390625
3 0.3734375 0.3796875 0.23359375 0.22421875
3 0.6296875 0.89296875 0.16875 0.2140625
0 0.62578125 0.378125 0.21328125 0.25
0 0.86875 0.87578125 0.190625 0.2484375
2 0.3890625 0.6265625 0.18125 0.227734375
2 0.878125 0.6265625 0.18828125 0.220703125