5 0.1265625 0.134375 0.1578125 0.222265625
5 0.128125 0.3796875 0.233984375 0.254296875
5 0.878125 0.3828125 0.2125 0.255859375
5 0.1265625 0.6265625 0.215625 0.266796875
5 0.61875 0.6265625 0.20625 0.250390625
5 0.13125 0.8765625 0.196875 0.246875
5 0.37421875 0.88125 0.1859375 0.2375
4 0.37578125 0.1265625 0.2140625 0.253125
4 0.6203125 0.1296875 0.219140625 0.25078125
3 0.87734375 0.11796875 0.1890625 0.2359375
3 0.3734375 0.3796875 0.23828125 0.2296875
3 0.6296875 0.8890625 0.190625 0.221875
0 0.62578125 0.378125 0.22265625 0.25703125
0 0.86875 0.87265625 0.2125 0.2546875
2 0.3890625 0.6265625 0.18125 0.227734375
2 0.878125 0.6265625 0.1828125 0.216015625