4 0.128125 0.1265625 0.25625 0.253125
4 0.36953125 0.13203125 0.2515625 0.2640625
2 0.62265625 0.11484375 0.2234375 0.2296875
3 0.8734375 0.1234375 0.237890625 0.246484375
4 0.11328125 0.3765625 0.2078125 0.2546875
0 0.3765625 0.3796875 0.257421875 0.271484375
4 0.625 0.37421875 0.24453125 0.24921875
3 0.86953125 0.37421875 0.2609375 0.2671875
3 0.1265625 0.634375 0.248828125 0.26875
3 0.8734375 0.6296875 0.222265625 0.21953125
3 0.1234375 0.8609375 0.237890625 0.246484375
3 0.36640625 0.87578125 0.2234375 0.2484375
2 0.3734375 0.62578125 0.243359375 0.2359375
0 0.625 0.6296875 0.237109375 0.237109375
0 0.62265625 0.88125 0.22734375 0.229296875
4 0.87265625 0.8640625 0.20625 0.2203125