0 0.12734375 0.1296875 0.2109375 0.2359375
2 0.3765625 0.121875 0.202734375 0.2421875
3 0.6265625 0.1265625 0.215234375 0.242578125
3 0.88359375 0.1359375 0.209375 0.23359375
2 0.121875 0.3859375 0.191796875 0.221484375
0 0.3765625 0.3734375 0.205078125 0.242578125
0 0.6234375 0.38515625 0.216796875 0.2453125
2 0.88203125 0.3859375 0.19140625 0.238671875
4 0.1265625 0.63125 0.253125 0.253125
5 0.378125 0.625 0.2078125 0.230859375
5 0.61953125 0.63125 0.2296875 0.247265625
0 0.8765625 0.625 0.219140625 0.258984375
3 0.12265625 0.86875 0.2015625 0.2625
2 0.37734375 0.87890625 0.2015625 0.2421875
2 0.61796875 0.87265625 0.2421875 0.2546875
2 0.8671875 0.87265625 0.225 0.2546875