0 0.12734375 0.1296875 0.22578125 0.2484375
2 0.37578125 0.1234375 0.2140625 0.246875
3 0.6265625 0.1265625 0.201171875 0.231640625
3 0.88359375 0.1359375 0.2046875 0.22890625
2 0.121875 0.3859375 0.193359375 0.223046875
0 0.3765625 0.3734375 0.201953125 0.241015625
0 0.6234375 0.38515625 0.198828125 0.23125
2 0.88203125 0.3859375 0.184375 0.233203125
4 0.1265625 0.63203125 0.242578125 0.240625
5 0.378125 0.625 0.21875 0.240234375
5 0.61953125 0.63125 0.21875 0.237890625
0 0.8765625 0.625 0.203515625 0.248046875
3 0.12265625 0.87109375 0.1859375 0.2578125
2 0.378125 0.88125 0.178515625 0.227734375
2 0.61796875 0.87109375 0.2515625 0.2578125
2 0.8671875 0.8734375 0.221875 0.253125