2 0.1171875 0.1234375 0.234375 0.246875
2 0.37265625 0.12890625 0.2640625 0.2578125
5 0.62265625 0.1296875 0.2640625 0.259375
0 0.87890625 0.12578125 0.2421875 0.2421875
4 0.121875 0.3703125 0.23203125 0.241796875
2 0.37421875 0.3765625 0.24921875 0.256640625
3 0.625 0.38203125 0.248828125 0.24453125
0 0.8796875 0.3734375 0.236328125 0.22421875
3 0.12421875 0.62734375 0.2484375 0.2578125
0 0.378125 0.61171875 0.240625 0.21640625
4 0.62421875 0.6265625 0.25 0.262109375
0 0.87890625 0.62734375 0.2421875 0.2390625
0 0.11953125 0.88125 0.2359375 0.2375
3 0.38125 0.884375 0.2296875 0.2296875
5 0.62890625 0.88359375 0.2203125 0.2328125
3 0.87578125 0.878125 0.2484375 0.24375