2 0.121875 0.128125 0.24375 0.25625
2 0.37265625 0.13203125 0.2765625 0.2640625
5 0.62265625 0.1296875 0.2671875 0.259375
0 0.87734375 0.1265625 0.2453125 0.25
4 0.121875 0.3703125 0.23984375 0.248828125
2 0.37421875 0.3765625 0.24375 0.251171875
3 0.625 0.38203125 0.263671875 0.259375
0 0.875 0.37265625 0.25 0.2484375
3 0.12109375 0.628125 0.23984375 0.241796875
0 0.378125 0.61171875 0.2390625 0.2140625
4 0.62421875 0.6265625 0.25546875 0.267578125
0 0.8765625 0.62734375 0.246875 0.2453125
0 0.1203125 0.8796875 0.240625 0.240625
3 0.38125 0.884375 0.228125 0.228125
5 0.62890625 0.88125 0.2296875 0.2375
3 0.8828125 0.88515625 0.234375 0.2296875