3 0.12109375 0.140625 0.20859375 0.231640625
3 0.3734375 0.13359375 0.225390625 0.24765625
4 0.62265625 0.12421875 0.2546875 0.2484375
2 0.88671875 0.12109375 0.184375 0.234375
0 0.12578125 0.37734375 0.2515625 0.2453125
4 0.37734375 0.3796875 0.23671875 0.257421875
4 0.61875 0.378125 0.203515625 0.238671875
4 0.86875 0.3734375 0.2234375 0.234765625
4 0.12734375 0.625 0.25234375 0.267578125
4 0.3796875 0.61875 0.232421875 0.232421875
3 0.6359375 0.62421875 0.202734375 0.221875
4 0.86875 0.63125 0.226171875 0.248046875
2 0.12109375 0.878125 0.2078125 0.24375
3 0.3625 0.8734375 0.225 0.253125
5 0.63125 0.8859375 0.216015625 0.228125
0 0.87265625 0.8734375 0.2265625 0.253125