0 0.12265625 0.12734375 0.2234375 0.2546875
5 0.36875 0.134375 0.21484375 0.238671875
0 0.625 0.1328125 0.199609375 0.220703125
3 0.8703125 0.1328125 0.187890625 0.233203125
3 0.11796875 0.3734375 0.22265625 0.246484375
0 0.37734375 0.3859375 0.215625 0.230859375
3 0.63125 0.384375 0.197265625 0.220703125
5 0.88203125 0.3859375 0.18984375 0.230859375
2 0.11875 0.6234375 0.19296875 0.230078125
4 0.3765625 0.63046875 0.216015625 0.25546875
5 0.6296875 0.6234375 0.1671875 0.231640625
2 0.8796875 0.625 0.222265625 0.235546875
3 0.13515625 0.878125 0.1890625 0.24375
0 0.378125 0.8859375 0.171484375 0.227734375
0 0.62421875 0.88046875 0.2171875 0.2390625
3 0.86796875 0.87265625 0.1953125 0.2546875