4 0.13125 0.12265625 0.183203125 0.24140625
4 0.36796875 0.11875 0.2265625 0.2375
4 0.6265625 0.1328125 0.223828125 0.24375
2 0.878125 0.125 0.202734375 0.224609375
2 0.125 0.38515625 0.219140625 0.24453125
2 0.3703125 0.38203125 0.226171875 0.2578125
3 0.6265625 0.37890625 0.195703125 0.215625
4 0.8828125 0.37421875 0.212890625 0.253125
0 0.1296875 0.62265625 0.196875 0.23984375
3 0.3734375 0.62578125 0.175390625 0.2359375
3 0.625 0.6265625 0.215234375 0.242578125
4 0.875 0.62578125 0.237109375 0.2546875
0 0.12265625 0.87421875 0.2265625 0.2515625
4 0.37734375 0.871875 0.22265625 0.246484375
3 0.62734375 0.87890625 0.2015625 0.2421875
4 0.87578125 0.87109375 0.2203125 0.2375