3 0.1453125 0.13125 0.19296875 0.239453125
2 0.3796875 0.13203125 0.194140625 0.2359375
0 0.61875 0.12421875 0.195703125 0.203125
4 0.8734375 0.134375 0.21640625 0.24453125
0 0.12890625 0.37890625 0.20625 0.234375
2 0.3828125 0.384375 0.175390625 0.217578125
4 0.6265625 0.3796875 0.1921875 0.248046875
0 0.88671875 0.37890625 0.16953125 0.246875
2 0.13125 0.62578125 0.207421875 0.26328125
3 0.3734375 0.63203125 0.2296875 0.2609375
5 0.6171875 0.63203125 0.239453125 0.24609375
2 0.875 0.625 0.228515625 0.263671875
3 0.125 0.87265625 0.25 0.2546875
5 0.3703125 0.88125 0.20625 0.2375
2 0.62578125 0.871875 0.1890625 0.25625
0 0.86953125 0.87734375 0.2359375 0.2453125