3 0.1453125 0.13125 0.196875 0.241796875
2 0.3796875 0.13203125 0.215234375 0.25234375
0 0.61875 0.12421875 0.208203125 0.21484375
4 0.8734375 0.134375 0.22578125 0.2515625
0 0.12890625 0.37890625 0.21953125 0.2453125
2 0.3828125 0.384375 0.199609375 0.233984375
4 0.6265625 0.3796875 0.1953125 0.249609375
0 0.88671875 0.37890625 0.16796875 0.24609375
2 0.13125 0.62578125 0.200390625 0.25859375
3 0.3734375 0.63203125 0.21015625 0.246875
5 0.6171875 0.63203125 0.242578125 0.2484375
2 0.875 0.625 0.208984375 0.249609375
3 0.12421875 0.87734375 0.2296875 0.2453125
5 0.3703125 0.88359375 0.19375 0.2328125
2 0.62578125 0.87421875 0.1703125 0.2515625
0 0.86953125 0.878125 0.2328125 0.24375