0 0.1171875 0.1296875 0.2046875 0.235546875
2 0.371875 0.1265625 0.203515625 0.2390625
0 0.6234375 0.13125 0.205859375 0.23203125
4 0.88046875 0.13046875 0.2046875 0.23671875
2 0.1296875 0.37265625 0.195703125 0.246875
2 0.3765625 0.3765625 0.212109375 0.245703125
0 0.62109375 0.37734375 0.2109375 0.24453125
4 0.878125 0.3765625 0.204296875 0.237109375
3 0.121875 0.628125 0.19140625 0.233984375
3 0.3796875 0.62890625 0.2375 0.253125
5 0.61953125 0.6265625 0.21328125 0.242578125
0 0.8765625 0.6265625 0.171484375 0.227734375
4 0.125 0.8796875 0.208984375 0.225390625
2 0.371875 0.87734375 0.190625 0.2453125
0 0.61953125 0.87421875 0.2234375 0.2515625
0 0.86953125 0.87890625 0.2046875 0.2421875