2 0.1328125 0.125 0.21328125 0.244140625
3 0.3796875 0.13203125 0.223046875 0.2296875
0 0.60546875 0.13828125 0.1703125 0.2296875
4 0.87578125 0.1296875 0.2171875 0.250390625
5 0.121875 0.3765625 0.212109375 0.237890625
5 0.36875 0.37734375 0.240625 0.24453125
4 0.625 0.3765625 0.216796875 0.244140625
2 0.87265625 0.3765625 0.20546875 0.233984375
2 0.12734375 0.6234375 0.18828125 0.24453125
0 0.371875 0.6234375 0.2046875 0.241015625
5 0.6265625 0.63125 0.20234375 0.230078125
0 0.87265625 0.63125 0.20703125 0.230078125
3 0.12890625 0.8828125 0.1640625 0.234375
4 0.365625 0.88359375 0.206640625 0.2234375
0 0.625 0.88359375 0.190625 0.2328125
2 0.87578125 0.8765625 0.1921875 0.246875