3 0.1234375 0.134375 0.201171875 0.230078125
3 0.39140625 0.1265625 0.1828125 0.244921875
3 0.6203125 0.1328125 0.225390625 0.24140625
2 0.8765625 0.13046875 0.201171875 0.2203125
2 0.1265625 0.3796875 0.206640625 0.212109375
4 0.3734375 0.3859375 0.183984375 0.223046875
4 0.628125 0.36875 0.23046875 0.244140625
3 0.8765625 0.38125 0.208984375 0.225390625
0 0.11640625 0.6234375 0.2 0.241015625
2 0.37734375 0.64140625 0.19609375 0.23125
0 0.63125 0.63203125 0.203515625 0.22109375
0 0.8765625 0.6296875 0.219140625 0.230078125
2 0.11953125 0.878125 0.2046875 0.24375
5 0.36953125 0.88203125 0.2140625 0.2359375
3 0.60859375 0.88515625 0.2015625 0.2296875
5 0.86640625 0.87421875 0.2015625 0.2515625