3 0.1234375 0.134375 0.198828125 0.229296875
3 0.39140625 0.1265625 0.19609375 0.252734375
3 0.6203125 0.1328125 0.206640625 0.225
2 0.8765625 0.13046875 0.210546875 0.22890625
2 0.1265625 0.3796875 0.221484375 0.226171875
4 0.3734375 0.3859375 0.194140625 0.230078125
4 0.628125 0.36875 0.21484375 0.230078125
3 0.8765625 0.38125 0.201171875 0.218359375
0 0.11640625 0.6234375 0.2 0.241015625
2 0.37734375 0.64140625 0.17890625 0.21796875
0 0.63125 0.63203125 0.201953125 0.2203125
0 0.8765625 0.6296875 0.224609375 0.235546875
2 0.11953125 0.87890625 0.2015625 0.2421875
5 0.36953125 0.88203125 0.2109375 0.2359375
3 0.6078125 0.88984375 0.175 0.2203125
5 0.86640625 0.8765625 0.1859375 0.246875