3 0.1140625 0.128125 0.19375 0.233984375
4 0.3734375 0.1265625 0.210546875 0.2375
0 0.6234375 0.1375 0.20625 0.233984375
3 0.88046875 0.13125 0.22109375 0.25078125
5 0.13203125 0.3796875 0.20859375 0.244140625
3 0.3640625 0.38125 0.182421875 0.23359375
4 0.6203125 0.3796875 0.230078125 0.255859375
4 0.87734375 0.37734375 0.221875 0.25
5 0.12421875 0.62265625 0.2484375 0.2734375
4 0.3609375 0.6203125 0.1984375 0.251953125
2 0.628125 0.6375 0.242578125 0.23125
5 0.8796875 0.6265625 0.217578125 0.241015625
5 0.115625 0.8828125 0.19375 0.234375
5 0.3703125 0.87421875 0.215625 0.2515625
4 0.61796875 0.88125 0.2203125 0.2375
2 0.87734375 0.8734375 0.2046875 0.253125