4 0.1359375 0.13125 0.215234375 0.2390625
5 0.3765625 0.1234375 0.148046875 0.233203125
4 0.6296875 0.1296875 0.210546875 0.240234375
3 0.8765625 0.1328125 0.190234375 0.23828125
4 0.1234375 0.37734375 0.212890625 0.24375
0 0.37109375 0.38671875 0.20234375 0.23046875
4 0.6234375 0.3765625 0.221484375 0.24609375
0 0.87109375 0.378125 0.2421875 0.2578125
0 0.12109375 0.6265625 0.2046875 0.235546875
0 0.3703125 0.634375 0.245703125 0.237890625
4 0.62421875 0.6265625 0.225 0.2375
2 0.8796875 0.634375 0.209765625 0.224609375
3 0.12578125 0.87265625 0.2078125 0.2546875
5 0.37109375 0.8796875 0.2234375 0.240625
4 0.615625 0.88046875 0.23125 0.2390625
2 0.8765625 0.88125 0.184375 0.2375