4 0.1359375 0.13125 0.210546875 0.2359375
5 0.3765625 0.1234375 0.153515625 0.236328125
4 0.6296875 0.1296875 0.203515625 0.233984375
3 0.8765625 0.1328125 0.167578125 0.225
4 0.1234375 0.37734375 0.212890625 0.24375
0 0.37109375 0.38671875 0.20234375 0.23046875
4 0.6234375 0.3765625 0.225390625 0.24921875
0 0.87109375 0.378125 0.23515625 0.2515625
0 0.12109375 0.6265625 0.2234375 0.250390625
0 0.3703125 0.634375 0.226171875 0.217578125
4 0.62421875 0.6265625 0.21328125 0.2265625
2 0.8796875 0.634375 0.231640625 0.244140625
3 0.12578125 0.86953125 0.2265625 0.2609375
5 0.37109375 0.8796875 0.2234375 0.240625
4 0.615625 0.88359375 0.215625 0.2328125
2 0.87734375 0.87734375 0.2046875 0.2453125