0 0.128125 0.12890625 0.243359375 0.25625
2 0.3703125 0.1296875 0.212109375 0.242578125
2 0.6234375 0.12421875 0.194140625 0.23984375
4 0.86875 0.1265625 0.230859375 0.24921875
5 0.1234375 0.38203125 0.222265625 0.25703125
0 0.37734375 0.3765625 0.215625 0.226953125
2 0.628125 0.3796875 0.22734375 0.24453125
5 0.87890625 0.3796875 0.209375 0.250390625
3 0.1234375 0.625 0.2203125 0.2421875
3 0.37421875 0.628125 0.2140625 0.2484375
2 0.6171875 0.634375 0.177734375 0.240234375
2 0.8734375 0.628125 0.1859375 0.24609375
5 0.1359375 0.884375 0.175 0.23125
3 0.3734375 0.8859375 0.209375 0.228125
4 0.62109375 0.88203125 0.1890625 0.2359375
5 0.86328125 0.87265625 0.2203125 0.2546875