0 0.12734375 0.12890625 0.2453125 0.2578125
2 0.3703125 0.1296875 0.225390625 0.253515625
2 0.6234375 0.12421875 0.201171875 0.2453125
4 0.86796875 0.12734375 0.2390625 0.2546875
5 0.1234375 0.38203125 0.212109375 0.25
0 0.37734375 0.3765625 0.24453125 0.253515625
2 0.628125 0.3796875 0.22421875 0.24140625
5 0.87890625 0.3796875 0.203125 0.245703125
3 0.12421875 0.62421875 0.2484375 0.2671875
3 0.37421875 0.628125 0.23515625 0.26484375
2 0.6171875 0.634375 0.156640625 0.227734375
2 0.8734375 0.628125 0.21328125 0.26328125
5 0.13515625 0.88359375 0.1796875 0.2328125
3 0.37265625 0.8828125 0.2234375 0.234375
4 0.62109375 0.8796875 0.1984375 0.240625
5 0.86328125 0.8734375 0.2140625 0.253125