5 0.12578125 0.13359375 0.2328125 0.2671875
2 0.36875 0.1265625 0.23515625 0.237890625
3 0.62109375 0.1234375 0.2265625 0.243359375
5 0.871875 0.13125 0.25 0.2625
2 0.13125 0.384375 0.230859375 0.25390625
2 0.3859375 0.371875 0.225390625 0.238671875
3 0.6265625 0.375 0.222265625 0.239453125
0 0.8765625 0.38125 0.224609375 0.224609375
4 0.12421875 0.6328125 0.2390625 0.2546875
4 0.3671875 0.63046875 0.26015625 0.26640625
4 0.62265625 0.62890625 0.2375 0.2703125
4 0.878125 0.6359375 0.24375 0.246875
0 0.12890625 0.8765625 0.2359375 0.246875
3 0.36953125 0.878125 0.2296875 0.24375
0 0.625 0.87421875 0.2125 0.2515625
3 0.884375 0.88046875 0.23125 0.2390625