0 0.128125 0.1296875 0.219140625 0.24453125
0 0.3765625 0.12734375 0.220703125 0.2453125
2 0.628125 0.13125 0.214453125 0.244140625
3 0.87109375 0.1265625 0.20625 0.226953125
5 0.1203125 0.3859375 0.219921875 0.22265625
0 0.3765625 0.3875 0.228515625 0.2390625
2 0.62109375 0.3765625 0.1984375 0.249609375
5 0.875 0.39140625 0.186328125 0.20703125
4 0.125 0.6171875 0.226171875 0.234765625
5 0.378125 0.62578125 0.250390625 0.26015625
5 0.6265625 0.625 0.223046875 0.244921875
0 0.86953125 0.625 0.2234375 0.261328125
3 0.1171875 0.88125 0.203125 0.2375
5 0.38125 0.8765625 0.2125 0.246875
3 0.61640625 0.875 0.1828125 0.244921875
5 0.87578125 0.87421875 0.21015625 0.240625