5 0.12578125 0.13515625 0.2421875 0.2703125
2 0.36875 0.1265625 0.21640625 0.219140625
3 0.62109375 0.1234375 0.23046875 0.246484375
5 0.87265625 0.1296875 0.240625 0.258984375
2 0.13125 0.384375 0.216015625 0.2421875
2 0.3859375 0.371875 0.223828125 0.237109375
3 0.6265625 0.375 0.212109375 0.230078125
0 0.8765625 0.38125 0.217578125 0.217578125
4 0.12421875 0.6328125 0.2421875 0.2578125
4 0.3671875 0.63046875 0.246875 0.25390625
4 0.62265625 0.62890625 0.21640625 0.2546875
4 0.88125 0.63671875 0.2375 0.2359375
0 0.12890625 0.87734375 0.2296875 0.2453125
3 0.36953125 0.8796875 0.2234375 0.240625
0 0.625 0.8765625 0.203125 0.246875
3 0.878125 0.87421875 0.24375 0.2515625