0 0.128125 0.1296875 0.210546875 0.2375
0 0.3765625 0.12734375 0.213671875 0.23984375
2 0.628125 0.13125 0.236328125 0.262109375
3 0.87109375 0.1265625 0.2296875 0.247265625
5 0.1203125 0.3859375 0.230859375 0.23359375
0 0.3765625 0.3875 0.212109375 0.2234375
2 0.62109375 0.3765625 0.171875 0.231640625
5 0.875 0.39140625 0.171484375 0.19453125
4 0.125 0.6171875 0.233984375 0.241796875
5 0.378125 0.62578125 0.245703125 0.25546875
5 0.6265625 0.625 0.210546875 0.233984375
0 0.86953125 0.625 0.19609375 0.241015625
3 0.1171875 0.878125 0.21875 0.24375
5 0.38125 0.8765625 0.2125 0.246875
3 0.61640625 0.875 0.190625 0.249609375
5 0.87578125 0.87265625 0.2296875 0.2546875