4 0.1171875 0.1296875 0.22421875 0.248828125
4 0.38046875 0.1234375 0.2484375 0.246875
0 0.62265625 0.1328125 0.24375 0.241796875
5 0.871875 0.13515625 0.237890625 0.2484375
5 0.121875 0.3828125 0.24140625 0.266796875
3 0.36640625 0.3828125 0.22734375 0.2609375
5 0.628125 0.375 0.247265625 0.247265625
2 0.8953125 0.3734375 0.198828125 0.214453125
3 0.1328125 0.63203125 0.235546875 0.2453125
0 0.37265625 0.6375 0.203125 0.226953125
0 0.61875 0.615625 0.216015625 0.238671875
2 0.8796875 0.62890625 0.2125 0.21640625
3 0.12421875 0.87421875 0.2234375 0.2515625
3 0.36953125 0.8796875 0.2171875 0.240625
3 0.625 0.87734375 0.184375 0.2453125
0 0.88359375 0.89140625 0.2140625 0.2171875