4 0.1296875 0.13125 0.21953125 0.236328125
4 0.37578125 0.1265625 0.2234375 0.253125
4 0.62421875 0.12890625 0.2140625 0.2578125
0 0.878125 0.1328125 0.23671875 0.24453125
4 0.125 0.37265625 0.208203125 0.25859375
2 0.375 0.375 0.249609375 0.263671875
0 0.6296875 0.37890625 0.18359375 0.23984375
3 0.8703125 0.375 0.234375 0.258984375
4 0.12109375 0.62890625 0.18125 0.23828125
4 0.371875 0.6328125 0.220703125 0.235546875
0 0.62265625 0.6328125 0.22421875 0.244921875
5 0.8734375 0.634375 0.214453125 0.24765625
2 0.1234375 0.871875 0.228125 0.25625
3 0.365625 0.875 0.2015625 0.237109375
3 0.625 0.8765625 0.221875 0.246875
3 0.875 0.87578125 0.19296875 0.24375