3 0.115625 0.12734375 0.188671875 0.2421875
4 0.371875 0.12734375 0.215234375 0.2265625
2 0.6265625 0.1265625 0.202734375 0.228515625
2 0.8796875 0.134375 0.178515625 0.220703125
2 0.1234375 0.38515625 0.2171875 0.24140625
3 0.37578125 0.37109375 0.2296875 0.2671875
4 0.625 0.384375 0.2328125 0.239453125
0 0.87109375 0.38203125 0.2015625 0.246875
4 0.12109375 0.6203125 0.1921875 0.231640625
4 0.37421875 0.6234375 0.23515625 0.26484375
3 0.6203125 0.6359375 0.211328125 0.211328125
4 0.86796875 0.63125 0.21015625 0.240234375
0 0.13125 0.87734375 0.196875 0.2453125
0 0.3734375 0.88359375 0.203125 0.2328125
4 0.6203125 0.88203125 0.2125 0.2359375
2 0.88359375 0.8796875 0.2265625 0.240625