3 0.134375 0.13203125 0.24375 0.2640625
5 0.375 0.128125 0.216015625 0.248828125
5 0.621875 0.13125 0.217578125 0.241015625
3 0.8765625 0.140625 0.208984375 0.23984375
0 0.1296875 0.3859375 0.20625 0.245703125
2 0.3765625 0.384375 0.199609375 0.23359375
0 0.62421875 0.3859375 0.21484375 0.248828125
0 0.884375 0.37734375 0.216015625 0.246875
2 0.11640625 0.634375 0.20625 0.223046875
3 0.3796875 0.6375 0.212109375 0.190234375
4 0.628125 0.64375 0.229296875 0.225390625
3 0.88203125 0.634375 0.23046875 0.23515625
0 0.11640625 0.8796875 0.2328125 0.240625
5 0.37109375 0.88359375 0.2296875 0.2328125
5 0.63125 0.890625 0.196875 0.21875
4 0.88046875 0.88671875 0.2265625 0.2265625