3 0.13515625 0.1296875 0.22578125 0.253515625
5 0.375 0.128125 0.198828125 0.237109375
5 0.621875 0.13125 0.217578125 0.241015625
3 0.8765625 0.140625 0.225390625 0.253125
0 0.1296875 0.3859375 0.215625 0.252734375
2 0.3765625 0.384375 0.183984375 0.22109375
0 0.62421875 0.3859375 0.2328125 0.262890625
0 0.884375 0.37734375 0.221484375 0.25078125
2 0.11640625 0.634375 0.2296875 0.244140625
3 0.3796875 0.6375 0.215234375 0.193359375
4 0.628125 0.64375 0.232421875 0.228515625
3 0.8796875 0.63359375 0.240625 0.2484375
0 0.11640625 0.8796875 0.2328125 0.240625
5 0.37109375 0.8828125 0.2328125 0.234375
5 0.63046875 0.88828125 0.2078125 0.2234375
4 0.88046875 0.88984375 0.2140625 0.2203125