5 0.12265625 0.13671875 0.2453125 0.2578125
3 0.3703125 0.121875 0.187890625 0.209765625
5 0.63125 0.13671875 0.183203125 0.21171875
4 0.8703125 0.125 0.237109375 0.241015625
3 0.11875 0.3734375 0.23515625 0.25078125
5 0.3734375 0.38984375 0.233203125 0.23125
0 0.60546875 0.384375 0.234375 0.24609375
2 0.86875 0.37890625 0.2625 0.2765625
0 0.134375 0.63515625 0.211328125 0.24921875
2 0.365625 0.621875 0.222265625 0.267578125
3 0.6203125 0.625 0.199609375 0.2234375
4 0.86875 0.6296875 0.186328125 0.237890625
3 0.13515625 0.87578125 0.2265625 0.2484375
2 0.37421875 0.87421875 0.2265625 0.2515625
3 0.63984375 0.87578125 0.2203125 0.2484375
2 0.88125 0.88046875 0.20625 0.2390625