0 0.1171875 0.12265625 0.221484375 0.2328125
0 0.37734375 0.12734375 0.20625 0.234375
0 0.61796875 0.11328125 0.2234375 0.2265625
4 0.87890625 0.121875 0.2140625 0.24375
4 0.12265625 0.37890625 0.21796875 0.246875
3 0.365625 0.3734375 0.24453125 0.26328125
2 0.628125 0.38125 0.2125 0.249609375
0 0.8765625 0.3703125 0.23125 0.256640625
2 0.125 0.6265625 0.22734375 0.262109375
2 0.3734375 0.61875 0.208203125 0.239453125
0 0.6265625 0.6265625 0.227734375 0.249609375
5 0.8734375 0.62734375 0.245703125 0.26640625
0 0.12265625 0.87578125 0.2140625 0.2484375
3 0.3734375 0.8703125 0.2375 0.259375
3 0.6328125 0.8703125 0.209375 0.259375
3 0.88515625 0.8765625 0.2203125 0.246875