0 0.11953125 0.125 0.2390625 0.25
0 0.3765625 0.12734375 0.23125 0.2546875
0 0.61875 0.1109375 0.212890625 0.221875
4 0.8796875 0.11875 0.1875 0.230859375
4 0.12265625 0.37890625 0.228125 0.25546875
3 0.365625 0.3734375 0.2203125 0.2421875
2 0.628125 0.38125 0.1953125 0.237109375
0 0.8765625 0.3703125 0.228125 0.253515625
2 0.125 0.6265625 0.209375 0.247265625
2 0.3734375 0.61875 0.236328125 0.262109375
0 0.6265625 0.6265625 0.208203125 0.232421875
5 0.8734375 0.62734375 0.223046875 0.246875
0 0.12265625 0.87421875 0.2203125 0.2515625
3 0.37421875 0.86953125 0.2390625 0.2609375
3 0.63359375 0.87265625 0.1953125 0.2546875
3 0.88515625 0.87734375 0.2171875 0.2453125