4 0.12578125 0.121875 0.18828125 0.23203125
4 0.3734375 0.125 0.219140625 0.244921875
3 0.6265625 0.128125 0.237890625 0.246484375
5 0.865625 0.13671875 0.202734375 0.24296875
4 0.1234375 0.3796875 0.2296875 0.2546875
4 0.378125 0.3703125 0.20234375 0.25703125
3 0.61796875 0.37734375 0.2140625 0.234375
0 0.865625 0.375 0.195703125 0.251953125
5 0.12421875 0.6328125 0.1921875 0.234375
2 0.371875 0.6234375 0.197265625 0.240625
2 0.625 0.63046875 0.21953125 0.25625
0 0.86953125 0.62578125 0.225 0.26015625
3 0.12265625 0.8796875 0.1921875 0.240625
2 0.3703125 0.878125 0.178125 0.24375
2 0.61875 0.8828125 0.209375 0.234375
0 0.871875 0.8859375 0.178125 0.228125