4 0.125 0.121875 0.20625 0.24375
4 0.3734375 0.125 0.205859375 0.234765625
3 0.6265625 0.128125 0.244140625 0.252734375
5 0.865625 0.13671875 0.186328125 0.23125
4 0.1234375 0.3796875 0.21171875 0.240625
4 0.378125 0.3703125 0.1796875 0.24140625
3 0.61796875 0.37734375 0.203125 0.225
0 0.865625 0.375 0.202734375 0.255859375
5 0.12421875 0.6328125 0.19375 0.2359375
2 0.371875 0.6234375 0.205078125 0.24609375
2 0.625 0.63046875 0.215625 0.25390625
0 0.86953125 0.62578125 0.2140625 0.253125
3 0.12265625 0.8765625 0.2109375 0.246875
2 0.37109375 0.87890625 0.1734375 0.2421875
2 0.61796875 0.884375 0.2015625 0.23125
0 0.871875 0.88515625 0.184375 0.2296875