5 0.128125 0.121875 0.2140625 0.242578125
4 0.36875 0.12421875 0.2359375 0.24765625
0 0.6265625 0.13125 0.227734375 0.236328125
0 0.878125 0.140625 0.22734375 0.22734375
2 0.13125 0.3734375 0.197265625 0.2125
2 0.378125 0.371875 0.255078125 0.266015625
3 0.6265625 0.38203125 0.270703125 0.26875
0 0.86640625 0.38203125 0.2671875 0.2671875
5 0.1234375 0.6296875 0.206640625 0.234375
5 0.36875 0.62734375 0.22421875 0.22890625
2 0.61875 0.62890625 0.205078125 0.2421875
2 0.88203125 0.6296875 0.22734375 0.229296875
2 0.12578125 0.87578125 0.2234375 0.2484375
2 0.37578125 0.8765625 0.2390625 0.246875
4 0.6203125 0.87109375 0.21875 0.2578125
4 0.87265625 0.87890625 0.2265625 0.2421875