4 0.12578125 0.128125 0.2171875 0.25625
3 0.384375 0.12734375 0.169140625 0.23515625
4 0.62890625 0.1296875 0.190625 0.244921875
3 0.88125 0.1265625 0.208203125 0.237109375
2 0.128125 0.378125 0.246484375 0.260546875
4 0.378125 0.3734375 0.212109375 0.24296875
2 0.6234375 0.38203125 0.24765625 0.259375
2 0.8765625 0.37109375 0.201953125 0.2421875
2 0.12265625 0.6265625 0.20703125 0.235546875
5 0.371875 0.63125 0.213671875 0.226953125
5 0.625 0.63671875 0.226953125 0.22890625
3 0.878125 0.6359375 0.17890625 0.216796875
3 0.13359375 0.88046875 0.2015625 0.2390625
4 0.3703125 0.87421875 0.221875 0.2515625
0 0.62578125 0.88125 0.1984375 0.2375
5 0.875 0.86875 0.240625 0.2625