5 0.128125 0.121875 0.2078125 0.237890625
4 0.36875 0.12421875 0.21640625 0.2296875
0 0.6265625 0.13125 0.209765625 0.219140625
0 0.878125 0.140625 0.22734375 0.22734375
2 0.13125 0.3734375 0.216015625 0.2296875
2 0.378125 0.371875 0.236328125 0.248828125
3 0.6265625 0.38203125 0.259765625 0.2578125
0 0.86953125 0.38203125 0.2609375 0.2515625
5 0.1234375 0.6296875 0.216015625 0.2421875
5 0.36875 0.62734375 0.2421875 0.24609375
2 0.61875 0.62890625 0.210546875 0.24609375
2 0.88203125 0.6296875 0.225 0.226953125
2 0.125 0.87734375 0.215625 0.2453125
2 0.37578125 0.8765625 0.2421875 0.246875
4 0.61953125 0.875 0.1953125 0.25
4 0.87265625 0.87421875 0.2484375 0.2515625