4 0.12578125 0.1296875 0.2234375 0.259375
3 0.384375 0.12734375 0.162109375 0.23125
4 0.62890625 0.1296875 0.18125 0.238671875
3 0.88125 0.1265625 0.215234375 0.242578125
2 0.128125 0.378125 0.244921875 0.259765625
4 0.378125 0.3734375 0.201171875 0.23515625
2 0.6234375 0.38203125 0.24296875 0.25546875
2 0.8765625 0.37109375 0.194140625 0.2359375
2 0.12265625 0.6265625 0.23046875 0.255078125
5 0.371875 0.63125 0.223046875 0.235546875
5 0.625 0.63671875 0.232421875 0.234375
3 0.878125 0.6359375 0.17421875 0.212890625
3 0.13359375 0.88359375 0.1828125 0.2328125
4 0.36953125 0.8734375 0.2265625 0.253125
0 0.62578125 0.87890625 0.2140625 0.2421875
5 0.87421875 0.86953125 0.2359375 0.2609375