5 0.128125 0.128125 0.209765625 0.229296875
5 0.37890625 0.1234375 0.2140625 0.221484375
5 0.12578125 0.3734375 0.18984375 0.226953125
3 0.62578125 0.12734375 0.21171875 0.2203125
3 0.375 0.37734375 0.203515625 0.24375
3 0.61875 0.38125 0.1890625 0.217578125
3 0.8734375 0.37578125 0.214453125 0.2453125
3 0.36328125 0.87265625 0.2015625 0.2546875
0 0.8734375 0.1296875 0.245703125 0.250390625
0 0.13125 0.63828125 0.155078125 0.21484375
0 0.6296875 0.628125 0.182421875 0.226953125
0 0.86875 0.6328125 0.201171875 0.233984375
0 0.6265625 0.89375 0.169140625 0.2015625
2 0.3796875 0.625 0.20625 0.231640625
2 0.12109375 0.87421875 0.19375 0.25
5 0.8625 0.875 0.207421875 0.248046875