5 0.128125 0.128125 0.211328125 0.230859375
5 0.37890625 0.1234375 0.2265625 0.233203125
5 0.12578125 0.3734375 0.2 0.235546875
3 0.62578125 0.12734375 0.228125 0.23671875
3 0.375 0.37734375 0.219140625 0.25546875
3 0.61875 0.38125 0.21328125 0.237109375
3 0.8734375 0.37578125 0.230078125 0.2578125
3 0.3640625 0.8734375 0.18203125 0.24296875
0 0.8734375 0.1296875 0.231640625 0.236328125
0 0.13125 0.63828125 0.169140625 0.22421875
0 0.6296875 0.628125 0.194921875 0.236328125
0 0.86875 0.6328125 0.193359375 0.228515625
0 0.6265625 0.89375 0.170703125 0.203125
2 0.3796875 0.625 0.20859375 0.233984375
2 0.12109375 0.87421875 0.18125 0.24140625
5 0.86171875 0.871875 0.2234375 0.25625