2 0.1296875 0.12734375 0.240625 0.25234375
0 0.37421875 0.1328125 0.2234375 0.265625
5 0.64375 0.1203125 0.196875 0.240625
3 0.87890625 0.13203125 0.2265625 0.25390625
4 0.125 0.38125 0.200390625 0.22734375
3 0.365625 0.378125 0.201171875 0.227734375
2 0.62265625 0.3765625 0.20234375 0.240234375
4 0.8859375 0.3875 0.187109375 0.212109375
3 0.13125 0.6265625 0.255078125 0.265234375
0 0.37109375 0.63046875 0.20078125 0.221875
2 0.87265625 0.6328125 0.18203125 0.22578125
0 0.13359375 0.87890625 0.2359375 0.2421875
2 0.36015625 0.8859375 0.2078125 0.228125
2 0.61953125 0.8734375 0.2265625 0.253125
0 0.88125 0.8828125 0.2375 0.234375