5 0.125 0.13359375 0.25 0.2609375
4 0.37265625 0.12890625 0.2640625 0.2578125
3 0.6265625 0.125 0.233203125 0.244921875
0 0.8796875 0.1296875 0.223828125 0.25078125
4 0.1296875 0.38046875 0.240234375 0.26015625
3 0.378125 0.3796875 0.239453125 0.264453125
3 0.6296875 0.38125 0.22265625 0.24140625
5 0.87734375 0.384375 0.23046875 0.255078125
4 0.1140625 0.628125 0.223046875 0.241015625
2 0.375 0.6328125 0.224609375 0.260546875
4 0.63125 0.6421875 0.248828125 0.248828125
0 0.88203125 0.634375 0.228125 0.248046875
3 0.1265625 0.87265625 0.243359375 0.25
2 0.3765625 0.8890625 0.22421875 0.221484375
2 0.64140625 0.87734375 0.2421875 0.2453125
4 0.87890625 0.87421875 0.2421875 0.2515625