0 0.125 0.12890625 0.25 0.2578125
4 0.37734375 0.1234375 0.2109375 0.234375
5 0.628125 0.1234375 0.193359375 0.231640625
5 0.8734375 0.128125 0.240625 0.25625
2 0.121875 0.378125 0.21875 0.255078125
3 0.37109375 0.37109375 0.21953125 0.23125
2 0.621875 0.37734375 0.24609375 0.2578125
4 0.8734375 0.37265625 0.224609375 0.253125
4 0.1203125 0.6296875 0.195703125 0.223046875
2 0.3703125 0.625 0.225390625 0.253515625
0 0.628125 0.6234375 0.225390625 0.255078125
5 0.8734375 0.6265625 0.193359375 0.224609375
2 0.1234375 0.87890625 0.215625 0.2421875
2 0.371875 0.878125 0.215625 0.24375
2 0.61484375 0.87265625 0.2203125 0.2546875
5 0.87734375 0.87890625 0.1984375 0.2421875