3 0.1171875 0.1296875 0.187890625 0.230859375
3 0.8796875 0.134375 0.19765625 0.227734375
3 0.1328125 0.38125 0.1953125 0.229296875
3 0.371875 0.63359375 0.215234375 0.2328125
5 0.3703125 0.13984375 0.187890625 0.2265625
5 0.371875 0.3859375 0.182421875 0.221484375
5 0.88359375 0.384375 0.1921875 0.223828125
0 0.6234375 0.1296875 0.164453125 0.228515625
0 0.62734375 0.63359375 0.2109375 0.228125
0 0.11953125 0.8796875 0.196875 0.2296875
4 0.628125 0.3765625 0.205078125 0.2375
4 0.3734375 0.88125 0.189453125 0.2296875
4 0.6171875 0.875 0.166015625 0.227734375
2 0.12109375 0.63671875 0.18671875 0.225
2 0.8734375 0.63203125 0.191796875 0.23359375
2 0.87421875 0.88046875 0.2296875 0.2390625