4 0.128125 0.12734375 0.193359375 0.2265625
4 0.61171875 0.12890625 0.2359375 0.2578125
4 0.87578125 0.375 0.20625 0.232421875
4 0.8671875 0.87734375 0.196875 0.2453125
5 0.37109375 0.134375 0.2328125 0.24453125
5 0.128125 0.38125 0.191796875 0.208203125
5 0.3828125 0.6453125 0.190234375 0.208203125
5 0.61953125 0.88203125 0.1984375 0.2359375
2 0.8796875 0.12890625 0.201171875 0.24140625
2 0.6203125 0.38125 0.188671875 0.248828125
2 0.1390625 0.63046875 0.2140625 0.24453125
2 0.8734375 0.6296875 0.205078125 0.242578125
0 0.37421875 0.37578125 0.20859375 0.2390625
0 0.6234375 0.63515625 0.20703125 0.22890625
0 0.37578125 0.8828125 0.1828125 0.234375
3 0.12890625 0.87890625 0.2109375 0.2421875