2 0.13203125 0.12265625 0.2234375 0.240625
0 0.3734375 0.13984375 0.212109375 0.2140625
5 0.628125 0.12578125 0.2421875 0.2375
4 0.86875 0.125 0.23125 0.25
3 0.1203125 0.37734375 0.2328125 0.25625
4 0.38359375 0.38125 0.22421875 0.24765625
4 0.621875 0.3796875 0.2546875 0.265625
0 0.871875 0.37734375 0.233984375 0.25234375
5 0.1125 0.625 0.208203125 0.244921875
4 0.371875 0.621875 0.244921875 0.265625
3 0.634375 0.621875 0.23828125 0.251953125
0 0.875 0.634375 0.23671875 0.248046875
4 0.13828125 0.871875 0.2109375 0.25625
3 0.37578125 0.8765625 0.2546875 0.246875
5 0.61875 0.8734375 0.2375 0.253125
3 0.88359375 0.87578125 0.2328125 0.2484375