4 0.128125 0.12734375 0.211328125 0.240625
4 0.61171875 0.12890625 0.2359375 0.2578125
4 0.87578125 0.375 0.20859375 0.233984375
4 0.8671875 0.878125 0.190625 0.24375
5 0.37109375 0.134375 0.23203125 0.24375
5 0.128125 0.38125 0.201953125 0.216796875
5 0.3828125 0.6453125 0.185546875 0.203515625
5 0.61953125 0.87734375 0.2234375 0.2453125
2 0.8796875 0.12890625 0.210546875 0.2484375
2 0.6203125 0.38125 0.166796875 0.235546875
2 0.1390625 0.63046875 0.20546875 0.2375
2 0.8734375 0.6296875 0.212109375 0.248046875
0 0.37421875 0.37578125 0.2375 0.2625
0 0.6234375 0.63515625 0.19453125 0.21796875
0 0.37578125 0.8828125 0.1828125 0.234375
3 0.12890625 0.8828125 0.1890625 0.234375