2 0.13203125 0.12265625 0.2265625 0.24296875
0 0.3734375 0.13984375 0.225390625 0.22734375
5 0.628125 0.12578125 0.24609375 0.24140625
4 0.86796875 0.12421875 0.2296875 0.2484375
3 0.1203125 0.3765625 0.240625 0.2625
4 0.38359375 0.38125 0.22734375 0.25
4 0.621875 0.3796875 0.2484375 0.26015625
0 0.871875 0.37734375 0.221484375 0.24140625
5 0.1125 0.625 0.198046875 0.237109375
4 0.371875 0.621875 0.247265625 0.26796875
3 0.634375 0.621875 0.2328125 0.247265625
0 0.875 0.634375 0.23984375 0.250390625
4 0.13828125 0.875 0.1921875 0.25
3 0.37578125 0.88125 0.2390625 0.2375
5 0.61953125 0.878125 0.2140625 0.24375
3 0.8875 0.87890625 0.225 0.2421875