3 0.1203125 0.1359375 0.225390625 0.228125
4 0.3734375 0.1296875 0.252734375 0.244140625
5 0.6203125 0.1328125 0.239453125 0.248046875
3 0.8703125 0.134375 0.1984375 0.208203125
0 0.12578125 0.37578125 0.225 0.253125
0 0.3765625 0.3828125 0.232421875 0.228515625
3 0.62578125 0.3828125 0.2171875 0.23984375
2 0.884375 0.384375 0.22890625 0.242578125
3 0.1203125 0.634375 0.230859375 0.23671875
4 0.375 0.625 0.216796875 0.21953125
5 0.6296875 0.6265625 0.2375 0.226953125
0 0.88125 0.6296875 0.217578125 0.2234375
0 0.1234375 0.8765625 0.215234375 0.223828125
2 0.37421875 0.8859375 0.2359375 0.228125
2 0.61796875 0.88125 0.2296875 0.2375
4 0.87578125 0.87578125 0.2296875 0.2484375