3 0.1203125 0.1359375 0.213671875 0.215625
4 0.3734375 0.1296875 0.248046875 0.239453125
5 0.6203125 0.1328125 0.225390625 0.233984375
3 0.8703125 0.134375 0.2015625 0.211328125
0 0.12578125 0.37578125 0.21953125 0.2484375
0 0.3765625 0.3828125 0.233984375 0.230859375
3 0.62578125 0.3828125 0.19921875 0.225
2 0.884375 0.384375 0.2234375 0.238671875
3 0.1203125 0.634375 0.213671875 0.2203125
4 0.375 0.625 0.228515625 0.23046875
5 0.6296875 0.6265625 0.24453125 0.234765625
0 0.88125 0.6296875 0.222265625 0.22890625
0 0.1234375 0.8765625 0.219921875 0.229296875
2 0.37421875 0.88671875 0.2328125 0.2265625
2 0.61796875 0.87734375 0.2484375 0.2453125
4 0.8765625 0.87734375 0.221484375 0.2453125