2 0.12734375 0.1296875 0.24921875 0.226953125
0 0.37265625 0.1234375 0.24453125 0.229296875
0 0.62734375 0.125 0.25234375 0.2484375
0 0.6265625 0.37890625 0.2421875 0.2375
0 0.12734375 0.62890625 0.2546875 0.2515625
0 0.375 0.6234375 0.244921875 0.248828125
0 0.63828125 0.8734375 0.2359375 0.253125
0 0.878125 0.87265625 0.221875 0.2546875
4 0.8765625 0.12265625 0.246875 0.2421875
4 0.8703125 0.62109375 0.225390625 0.2359375
5 0.121875 0.3765625 0.237890625 0.242578125
5 0.6265625 0.62578125 0.226953125 0.225
5 0.3796875 0.87578125 0.2359375 0.240625
3 0.875 0.378125 0.23046875 0.246875
3 0.134375 0.8734375 0.2625 0.253125
3 0.371875 0.3734375 0.263671875 0.241796875