4 0.13203125 0.1375 0.23515625 0.24765625
0 0.37890625 0.1359375 0.2140625 0.228125
3 0.6265625 0.1390625 0.221484375 0.225390625
5 0.88203125 0.13046875 0.215625 0.24296875
3 0.1390625 0.38125 0.21640625 0.231640625
3 0.3765625 0.3828125 0.2515625 0.223046875
2 0.6296875 0.38515625 0.20390625 0.2453125
3 0.86875 0.3828125 0.20703125 0.241015625
0 0.128125 0.63671875 0.2078125 0.2421875
5 0.3734375 0.6375 0.237109375 0.244921875
5 0.63359375 0.6359375 0.221875 0.237109375
0 0.8796875 0.63125 0.209375 0.254296875
2 0.12109375 0.88203125 0.20625 0.225
3 0.3765625 0.8734375 0.234375 0.253125
5 0.62578125 0.88203125 0.2265625 0.2359375
3 0.8796875 0.88671875 0.2109375 0.215625