3 0.1 0.0875 0.073828125 0.0765625
3 0.30078125 0.1 0.07265625 0.074609375
3 0.5015625 0.09296875 0.069921875 0.06796875
3 0.7015625 0.103125 0.071875 0.071875
3 0.896875 0.10703125 0.074609375 0.08125
3 0.0953125 0.2953125 0.070703125 0.074609375
3 0.30546875 0.29140625 0.0671875 0.0765625
3 0.49765625 0.30625 0.0859375 0.081640625
3 0.69453125 0.29375 0.07421875 0.08984375
3 0.9 0.290625 0.078515625 0.0765625
3 0.89453125 0.49765625 0.08515625 0.09375
3 0.69765625 0.4890625 0.07421875 0.080859375
3 0.4984375 0.48671875 0.065234375 0.0671875
3 0.296875 0.4890625 0.0890625 0.080078125
3 0.10078125 0.4984375 0.07109375 0.075
3 0.09609375 0.6890625 0.08359375 0.088671875
3 0.3 0.7015625 0.075390625 0.08515625
3 0.5 0.6890625 0.077734375 0.082421875
3 0.703125 0.70390625 0.076171875 0.090625
3 0.8984375 0.69375 0.075390625 0.0890625
3 0.0984375 0.88203125 0.058984375 0.0703125
3 0.296875 0.8953125 0.075390625 0.08515625
3 0.496875 0.8984375 0.071484375 0.071484375
3 0.7 0.896875 0.072265625 0.083984375
3 0.9 0.890625 0.068359375 0.077734375