3 0.0796875 0.0984375 0.065234375 0.073046875
3 0.26796875 0.084375 0.1359375 0.16875
3 0.4265625 0.10234375 0.055078125 0.06171875
3 0.5859375 0.0625 0.028515625 0.043359375
3 0.9140625 0.0921875 0.079296875 0.094140625
3 0.0796875 0.246875 0.072265625 0.068359375
3 0.24609375 0.23671875 0.0859375 0.09453125
3 0.41875 0.23671875 0.071484375 0.07265625
3 0.5984375 0.23359375 0.11640625 0.1234375
3 0.7484375 0.24375 0.05390625 0.056640625
3 0.89765625 0.2484375 0.0703125 0.093359375
3 0.06171875 0.4171875 0.1125 0.170703125
3 0.24375 0.40390625 0.115234375 0.11015625
3 0.43984375 0.4125 0.12109375 0.170703125
3 0.58671875 0.43125 0.1078125 0.115625
3 0.7453125 0.39375 0.047265625 0.05625
3 0.92734375 0.40546875 0.1453125 0.1546875
3 0.0921875 0.578125 0.100390625 0.100390625
3 0.253125 0.5734375 0.080859375 0.080859375
3 0.4078125 0.59453125 0.050390625 0.0578125
3 0.571875 0.5828125 0.055078125 0.076953125
3 0.71328125 0.5796875 0.08671875 0.152734375
3 0.903125 0.58984375 0.079296875 0.08828125
3 0.05859375 0.7515625 0.1171875 0.153515625
3 0.23671875 0.7484375 0.0515625 0.067578125
3 0.43125 0.746875 0.139453125 0.169140625
3 0.575 0.74375 0.09765625 0.09765625
3 0.74296875 0.753125 0.0859375 0.093359375
3 0.921875 0.759375 0.09296875 0.103515625
3 0.91875 0.9125 0.1078125 0.12578125
3 0.77578125 0.91171875 0.1265625 0.1765625
3 0.60234375 0.9125 0.1453125 0.175
3 0.403125 0.915625 0.063671875 0.06875
3 0.2671875 0.90625 0.130078125 0.125390625
3 0.08125 0.8953125 0.051953125 0.066015625