0 0.13203125 0.1234375 0.215625 0.244921875
4 0.63359375 0.12578125 0.2359375 0.2515625
4 0.87734375 0.1265625 0.2375 0.243359375
4 0.3875 0.88125 0.23359375 0.221484375
4 0.634375 0.88125 0.216015625 0.233984375
3 0.3734375 0.1265625 0.18125 0.218359375
3 0.125 0.378125 0.237890625 0.245703125
3 0.88125 0.871875 0.199609375 0.230859375
2 0.13203125 0.634375 0.2078125 0.215234375
2 0.37734375 0.6296875 0.228125 0.23203125
2 0.375 0.38125 0.162109375 0.187109375
3 0.88359375 0.6359375 0.1765625 0.218359375
5 0.63671875 0.63984375 0.21875 0.21875
5 0.88359375 0.375 0.2328125 0.228125
5 0.640625 0.38125 0.223046875 0.2203125
4 0.13359375 0.88359375 0.2078125 0.2328125