3 0.3859375 0.1140625 0.260546875 0.209765625
3 0.871875 0.378125 0.199609375 0.230078125
5 0.8796875 0.6296875 0.180078125 0.200390625
5 0.134375 0.8625 0.19140625 0.1828125
3 0.86875 0.1296875 0.201171875 0.2125
3 0.1328125 0.134375 0.19921875 0.201953125
2 0.6390625 0.1421875 0.1984375 0.26875
2 0.8796875 0.86875 0.191796875 0.187109375
4 0.1296875 0.39453125 0.192578125 0.23203125
4 0.3828125 0.4046875 0.215625 0.262890625
4 0.13046875 0.63046875 0.1734375 0.19453125
4 0.3875 0.6546875 0.19921875 0.222265625
4 0.40234375 0.87421875 0.2203125 0.20390625
4 0.6375 0.62734375 0.212890625 0.2140625
4 0.63125 0.396875 0.193359375 0.205078125
2 0.62890625 0.875 0.215625 0.234765625