3 0.1296875 0.63046875 0.216796875 0.25
3 0.63125 0.38203125 0.226171875 0.22421875
3 0.88046875 0.384375 0.18828125 0.225390625
3 0.62578125 0.8828125 0.2140625 0.234375
3 0.128125 0.1328125 0.1828125 0.21328125
3 0.1265625 0.38125 0.218359375 0.229296875
3 0.37578125 0.1359375 0.2171875 0.239453125
3 0.384375 0.884375 0.221875 0.21015625
3 0.8765625 0.134375 0.217578125 0.241015625
2 0.8921875 0.63125 0.215625 0.21875
2 0.63671875 0.63984375 0.2046875 0.2234375
2 0.371875 0.3890625 0.220703125 0.204296875
5 0.625 0.1328125 0.216796875 0.22890625
5 0.89140625 0.89140625 0.2140625 0.2171875
3 0.38359375 0.640625 0.18203125 0.21640625
4 0.1359375 0.8796875 0.220703125 0.220703125