3 0.1203125 0.1265625 0.240625 0.253125
3 0.3734375 0.1234375 0.224609375 0.221875
4 0.3734375 0.378125 0.205859375 0.23828125
4 0.63671875 0.1265625 0.215625 0.248828125
4 0.1234375 0.87734375 0.21015625 0.24375
4 0.13671875 0.625 0.19453125 0.24921875
0 0.878125 0.125 0.19609375 0.22421875
0 0.871875 0.384375 0.237890625 0.245703125
0 0.8875 0.878125 0.19765625 0.236328125
0 0.134375 0.3765625 0.200390625 0.22734375
2 0.3859375 0.6265625 0.18671875 0.223046875
5 0.64375 0.6359375 0.246484375 0.23671875
4 0.384375 0.88125 0.21875 0.221484375
4 0.6375 0.3828125 0.2375 0.242578125
3 0.63671875 0.8734375 0.2078125 0.2125