3 0.1265625 0.1265625 0.194140625 0.216015625
3 0.37421875 0.128125 0.18984375 0.21484375
3 0.634375 0.12265625 0.205859375 0.225
3 0.8796875 0.1328125 0.201171875 0.192578125
3 0.365625 0.3703125 0.237109375 0.248828125
3 0.8796875 0.63125 0.239453125 0.230859375
4 0.12265625 0.375 0.240625 0.250390625
4 0.871875 0.38125 0.194921875 0.220703125
3 0.3828125 0.628125 0.229296875 0.229296875
0 0.12734375 0.88046875 0.203125 0.2328125
0 0.371875 0.88125 0.191796875 0.22421875
2 0.62734375 0.6265625 0.25390625 0.24140625
2 0.87734375 0.884375 0.22109375 0.21640625
0 0.62890625 0.87421875 0.2328125 0.2140625
4 0.1234375 0.628125 0.226953125 0.236328125
4 0.628125 0.378125 0.244140625 0.23828125