3 0.13125 0.128125 0.25234375 0.246484375
3 0.1359375 0.384375 0.202734375 0.228125
3 0.128125 0.62109375 0.196484375 0.215625
3 0.390625 0.13828125 0.197265625 0.2046875
4 0.38125 0.378125 0.21640625 0.22734375
4 0.3921875 0.6234375 0.24609375 0.236328125
4 0.6421875 0.38359375 0.236328125 0.2203125
4 0.6390625 0.128125 0.198046875 0.218359375
4 0.64296875 0.628125 0.175 0.19765625
4 0.8765625 0.6359375 0.201953125 0.201953125
3 0.62578125 0.89453125 0.2203125 0.2109375
3 0.8796875 0.8828125 0.217578125 0.220703125
0 0.1296875 0.88828125 0.218359375 0.21171875
5 0.8859375 0.3875 0.195703125 0.208203125
0 0.384375 0.89375 0.194921875 0.198828125
0 0.8765625 0.134375 0.2125 0.209765625