2 0.128125 0.0984375 0.215625 0.167578125
2 0.8734375 0.13203125 0.2328125 0.2453125
2 0.8765625 0.38203125 0.246875 0.2546875
2 0.3703125 0.64765625 0.228515625 0.22421875
2 0.6265625 0.634375 0.208203125 0.229296875
2 0.128125 0.37890625 0.224609375 0.2453125
5 0.62890625 0.88125 0.1984375 0.2375
5 0.384375 0.8875 0.196484375 0.205859375
2 0.38125 0.37890625 0.210546875 0.2125
5 0.3875 0.1296875 0.1890625 0.2109375
5 0.61875 0.1484375 0.198828125 0.226953125
4 0.62421875 0.3765625 0.2 0.23828125
4 0.8703125 0.884375 0.186328125 0.226171875
2 0.13125 0.634375 0.20234375 0.226171875
3 0.13203125 0.8859375 0.2140625 0.228125
3 0.871875 0.6234375 0.224609375 0.2265625