5 0.13671875 0.13828125 0.19921875 0.225
5 0.3859375 0.38359375 0.21328125 0.19296875
2 0.375 0.13515625 0.171484375 0.18515625
2 0.88515625 0.37734375 0.20546875 0.22421875
3 0.63046875 0.12578125 0.2046875 0.2171875
3 0.12265625 0.8859375 0.2140625 0.228125
4 0.88203125 0.115625 0.203125 0.205078125
4 0.125 0.3734375 0.191796875 0.204296875
4 0.1359375 0.6203125 0.196875 0.202734375
4 0.6265625 0.61796875 0.166015625 0.190625
4 0.87734375 0.875 0.203125 0.242578125
4 0.63203125 0.87734375 0.1984375 0.221875
4 0.37109375 0.6234375 0.1765625 0.192578125
4 0.37109375 0.88203125 0.221875 0.21875
3 0.634375 0.38515625 0.194921875 0.2140625