2 0.11328125 0.1375 0.2265625 0.228125
2 0.6453125 0.1328125 0.218359375 0.223828125
2 0.13125 0.3796875 0.191796875 0.224609375
2 0.6296875 0.384375 0.20625 0.208203125
0 0.38125 0.13125 0.190234375 0.207421875
0 0.38828125 0.38515625 0.2046875 0.2046875
0 0.88125 0.3734375 0.148046875 0.165625
5 0.8890625 0.14453125 0.173046875 0.2125
5 0.378125 0.62265625 0.202734375 0.2078125
5 0.39140625 0.88515625 0.1953125 0.21328125
5 0.6421875 0.6234375 0.191015625 0.21015625
5 0.646875 0.878125 0.179296875 0.20625
5 0.12890625 0.6375 0.21875 0.220703125
3 0.88046875 0.63125 0.184375 0.205859375
3 0.12578125 0.8796875 0.2015625 0.223046875
4 0.8796875 0.88203125 0.17734375 0.21328125