4 0.13203125 0.1296875 0.2 0.24609375
3 0.6234375 0.134375 0.18359375 0.21171875
3 0.63984375 0.8890625 0.1828125 0.196875
0 0.3765625 0.8890625 0.221875 0.221875
0 0.37265625 0.621875 0.1953125 0.2171875
0 0.896875 0.38125 0.190625 0.187890625
2 0.63671875 0.3859375 0.19140625 0.200390625
2 0.628125 0.621875 0.18125 0.192578125
5 0.88203125 0.11875 0.1984375 0.213671875
5 0.13359375 0.6453125 0.17578125 0.183203125
5 0.90234375 0.88359375 0.19453125 0.2234375
4 0.13984375 0.38125 0.19765625 0.2015625
4 0.365625 0.1296875 0.162890625 0.1875
4 0.38125 0.378125 0.225390625 0.2359375
4 0.13828125 0.8796875 0.22109375 0.225
4 0.8890625 0.6296875 0.209765625 0.218359375