3 0.6328125 0.38671875 0.2265625 0.22265625
3 0.384375 0.1359375 0.215625 0.230859375
3 0.1328125 0.6265625 0.198828125 0.198828125
5 0.89140625 0.39765625 0.2171875 0.2328125
5 0.1390625 0.875 0.1984375 0.20703125
5 0.13125 0.14140625 0.189453125 0.20546875
3 0.1359375 0.37578125 0.208984375 0.2109375
5 0.3859375 0.6234375 0.203125 0.205859375
5 0.634375 0.63046875 0.201171875 0.20234375
0 0.878125 0.646875 0.230859375 0.184765625
2 0.39375 0.8734375 0.2265625 0.241796875
4 0.3953125 0.3765625 0.180078125 0.215234375
4 0.87578125 0.1390625 0.1859375 0.215625
4 0.87734375 0.88515625 0.2109375 0.2296875
4 0.63359375 0.875 0.2421875 0.25
0 0.63046875 0.11875 0.203125 0.213671875