4 0.134375 0.1328125 0.23125 0.23984375
4 0.1359375 0.37421875 0.220703125 0.24765625
3 0.3734375 0.1296875 0.191015625 0.21796875
3 0.87734375 0.1359375 0.240625 0.253125
3 0.8765625 0.39375 0.21953125 0.21953125
3 0.63359375 0.8875 0.2078125 0.225
5 0.8765625 0.88203125 0.221484375 0.17734375
5 0.3765625 0.38125 0.213671875 0.229296875
5 0.625 0.63671875 0.225390625 0.24765625
0 0.63515625 0.3734375 0.2078125 0.221875
0 0.628125 0.13125 0.2328125 0.235546875
0 0.8796875 0.6234375 0.2125 0.206640625
0 0.1296875 0.884375 0.212109375 0.228515625
4 0.3828125 0.6359375 0.206640625 0.216015625
2 0.13125 0.63125 0.226953125 0.221484375
0 0.39296875 0.8796875 0.2328125 0.23671875