2 0.1296875 0.12890625 0.2265625 0.24296875
2 0.1265625 0.371875 0.2078125 0.251171875
2 0.88984375 0.13203125 0.2203125 0.2234375
3 0.36796875 0.378125 0.24296875 0.232421875
5 0.88359375 0.3875 0.2234375 0.23828125
2 0.3734375 0.8765625 0.230859375 0.239453125
0 0.62734375 0.1328125 0.20390625 0.240625
5 0.88125 0.634375 0.21875 0.249609375
2 0.13125 0.8796875 0.212890625 0.234765625
4 0.62734375 0.62578125 0.20234375 0.2234375
4 0.62890625 0.884375 0.2171875 0.23125
0 0.8859375 0.884375 0.227734375 0.221484375
4 0.1265625 0.628125 0.189453125 0.204296875
4 0.37265625 0.634375 0.2078125 0.212890625
3 0.37578125 0.13125 0.21015625 0.230078125