4 0.134375 0.1296875 0.206640625 0.214453125
4 0.3734375 0.128125 0.17734375 0.215234375
4 0.6265625 0.1140625 0.164453125 0.185546875
4 0.1328125 0.8796875 0.173828125 0.225
4 0.134375 0.63984375 0.17109375 0.175
4 0.384375 0.6515625 0.166015625 0.187109375
5 0.878125 0.1171875 0.162109375 0.203515625
5 0.128125 0.38125 0.184765625 0.208203125
4 0.634375 0.6453125 0.181640625 0.208203125
3 0.3734375 0.38125 0.2015625 0.207421875
3 0.37734375 0.884375 0.165625 0.180859375
2 0.634375 0.9015625 0.196875 0.196875
5 0.86796875 0.87421875 0.1671875 0.18671875
2 0.8796875 0.6265625 0.160546875 0.216796875
0 0.875 0.38125 0.195703125 0.187109375
0 0.6375 0.378125 0.201171875 0.232421875