2 0.12578125 0.12578125 0.2515625 0.2421875
2 0.37109375 0.371875 0.2390625 0.241015625
2 0.12265625 0.36484375 0.2453125 0.2515625
4 0.63125 0.1265625 0.226953125 0.2296875
4 0.87421875 0.12421875 0.2515625 0.2484375
4 0.628125 0.628125 0.19453125 0.208984375
4 0.8828125 0.38046875 0.21875 0.2015625
4 0.3796875 0.13046875 0.211328125 0.24375
3 0.8765625 0.634375 0.226953125 0.21875
2 0.628125 0.39375 0.24140625 0.206640625
0 0.12890625 0.89296875 0.171875 0.18359375
3 0.38671875 0.6203125 0.23125 0.223046875
4 0.37734375 0.88515625 0.2015625 0.2296875
4 0.62109375 0.884375 0.2109375 0.23125
5 0.8953125 0.8921875 0.209375 0.215625
0 0.13203125 0.64140625 0.2640625 0.2390625