2 0.12734375 0.1421875 0.19765625 0.187109375
2 0.878125 0.13125 0.211328125 0.20546875
5 0.11953125 0.64140625 0.1984375 0.215625
5 0.6546875 0.3796875 0.195703125 0.208203125
5 0.884375 0.8828125 0.166015625 0.192578125
5 0.40234375 0.8765625 0.175 0.238671875
3 0.3875 0.1234375 0.180078125 0.227734375
3 0.6265625 0.13125 0.170703125 0.203125
0 0.4015625 0.39765625 0.1734375 0.2078125
0 0.88359375 0.3734375 0.1875 0.203125
4 0.14296875 0.38984375 0.18203125 0.190625
4 0.3890625 0.63359375 0.20390625 0.22578125
4 0.621875 0.6359375 0.164453125 0.194921875
4 0.88671875 0.634375 0.1828125 0.209765625
4 0.6375 0.8765625 0.216015625 0.219140625
4 0.1546875 0.87734375 0.205859375 0.1875