3 0.13125 0.128125 0.24375 0.237890625
3 0.1359375 0.384375 0.182421875 0.2109375
3 0.128125 0.62109375 0.196484375 0.215625
3 0.390625 0.13828125 0.195703125 0.203125
4 0.38125 0.378125 0.20859375 0.2203125
4 0.3921875 0.6234375 0.2328125 0.222265625
4 0.6421875 0.38359375 0.219921875 0.20078125
4 0.6390625 0.128125 0.206640625 0.225390625
4 0.64296875 0.628125 0.1859375 0.2078125
4 0.8765625 0.6359375 0.212890625 0.212890625
3 0.6265625 0.8953125 0.218359375 0.206640625
3 0.8796875 0.8828125 0.213671875 0.217578125
0 0.1296875 0.88828125 0.219921875 0.21328125
5 0.8859375 0.3875 0.220703125 0.230859375
0 0.384375 0.89375 0.199609375 0.203515625
0 0.8765625 0.134375 0.2359375 0.233203125