5 0.36484375 0.128125 0.184375 0.208203125
5 0.3765625 0.8796875 0.187890625 0.197265625
0 0.87265625 0.63359375 0.1984375 0.215625
0 0.6234375 0.13203125 0.205859375 0.23984375
4 0.134375 0.1234375 0.210546875 0.210546875
4 0.13671875 0.365625 0.2171875 0.23984375
4 0.3890625 0.37734375 0.201953125 0.2265625
4 0.62109375 0.384375 0.18828125 0.197265625
4 0.89296875 0.37109375 0.17421875 0.17109375
4 0.6453125 0.890625 0.173046875 0.2078125
4 0.88046875 0.88671875 0.17734375 0.18046875
4 0.3875 0.6390625 0.190234375 0.2171875
0 0.1328125 0.63359375 0.199609375 0.2171875
3 0.115625 0.878125 0.191796875 0.230859375
2 0.62578125 0.6328125 0.18359375 0.219921875
2 0.88671875 0.1203125 0.18125 0.197265625