4 0.134375 0.1296875 0.191796875 0.200390625
4 0.3734375 0.128125 0.1828125 0.218359375
4 0.6265625 0.1140625 0.180859375 0.198828125
4 0.1328125 0.8796875 0.151171875 0.21015625
4 0.134375 0.63984375 0.16015625 0.16484375
4 0.384375 0.6515625 0.180859375 0.198828125
5 0.878125 0.1171875 0.165234375 0.205078125
5 0.128125 0.38125 0.191015625 0.212890625
4 0.634375 0.6453125 0.186328125 0.211328125
3 0.3734375 0.38125 0.1984375 0.204296875
3 0.37734375 0.884375 0.1671875 0.181640625
2 0.63515625 0.9046875 0.17578125 0.18046875
5 0.86796875 0.87421875 0.15859375 0.1796875
2 0.8796875 0.6265625 0.155078125 0.212890625
0 0.875 0.38125 0.191796875 0.182421875
0 0.6375 0.378125 0.202734375 0.233203125