3 0.134375 0.13203125 0.1953125 0.22734375
3 0.6359375 0.12890625 0.194140625 0.22421875
3 0.13203125 0.36640625 0.21953125 0.22734375
3 0.8890625 0.88125 0.16484375 0.222265625
4 0.390625 0.1203125 0.20546875 0.229296875
4 0.8734375 0.11328125 0.211328125 0.21796875
4 0.3984375 0.37109375 0.20625 0.221875
4 0.89453125 0.6328125 0.196875 0.211328125
4 0.384375 0.88515625 0.221875 0.2296875
0 0.14765625 0.87734375 0.2375 0.2296875
0 0.89765625 0.375 0.2 0.207421875
2 0.12109375 0.62421875 0.18828125 0.19140625
2 0.378125 0.62890625 0.20625 0.19453125
5 0.61875 0.88125 0.194921875 0.216015625
5 0.6359375 0.6203125 0.195703125 0.204296875
5 0.64140625 0.384375 0.20859375 0.236328125