3 0.1296875 0.13125 0.210546875 0.2359375
3 0.8796875 0.38203125 0.212109375 0.25
3 0.6296875 0.38203125 0.20234375 0.240625
4 0.8703125 0.13125 0.20078125 0.238671875
4 0.63203125 0.88671875 0.1984375 0.2265625
2 0.6296875 0.6453125 0.18125 0.201953125
2 0.8828125 0.8734375 0.206640625 0.231640625
4 0.38984375 0.1296875 0.2109375 0.251171875
2 0.38359375 0.38359375 0.20859375 0.24609375
0 0.38203125 0.6296875 0.2140625 0.232421875
0 0.3796875 0.87109375 0.213671875 0.234375
0 0.1359375 0.38671875 0.180859375 0.23671875
0 0.878125 0.6296875 0.18671875 0.18671875
4 0.640625 0.13046875 0.194140625 0.2234375
4 0.1390625 0.62890625 0.207421875 0.22421875
0 0.1328125 0.87734375 0.211328125 0.23203125