4 0.134375 0.12890625 0.19921875 0.21484375
4 0.634375 0.1328125 0.1890625 0.1984375
4 0.88125 0.12734375 0.173828125 0.215625
4 0.884375 0.378125 0.2078125 0.247265625
4 0.1359375 0.88515625 0.18125 0.2296875
4 0.3734375 0.6328125 0.175 0.198046875
4 0.38203125 0.8796875 0.2078125 0.240625
5 0.38203125 0.1390625 0.19453125 0.21484375
5 0.634375 0.378125 0.172265625 0.1984375
2 0.13828125 0.628125 0.19375 0.208203125
2 0.8890625 0.8921875 0.1921875 0.215234375
3 0.13125 0.3765625 0.222265625 0.240234375
3 0.884375 0.6375 0.190234375 0.209375
3 0.3890625 0.38203125 0.208984375 0.228125
3 0.634375 0.6375 0.2015625 0.212890625
4 0.6265625 0.8859375 0.202734375 0.194921875