5 0.36484375 0.128125 0.19453125 0.216796875
5 0.3765625 0.8796875 0.203515625 0.212109375
0 0.87265625 0.63359375 0.19375 0.21171875
0 0.6234375 0.13203125 0.194140625 0.23046875
4 0.134375 0.1234375 0.219921875 0.219921875
4 0.13671875 0.365625 0.209375 0.23359375
4 0.3890625 0.37734375 0.194140625 0.2203125
4 0.62109375 0.384375 0.190625 0.199609375
4 0.89296875 0.37109375 0.19140625 0.18828125
4 0.6453125 0.890625 0.183984375 0.215625
4 0.88046875 0.88671875 0.1828125 0.18515625
4 0.3875 0.6390625 0.187890625 0.215625
0 0.1328125 0.63359375 0.210546875 0.2265625
3 0.115625 0.878125 0.194140625 0.232421875
2 0.62578125 0.6328125 0.19765625 0.230859375
2 0.88671875 0.1203125 0.1984375 0.212109375