4 0.14296875 0.134375 0.2140625 0.2359375
4 0.634375 0.1265625 0.23359375 0.227734375
4 0.390625 0.1359375 0.235546875 0.243359375
4 0.88203125 0.1296875 0.22890625 0.216796875
4 0.89296875 0.38125 0.2140625 0.2375
3 0.634375 0.634375 0.225390625 0.225390625
3 0.634375 0.3578125 0.248828125 0.244921875
3 0.13671875 0.378125 0.1984375 0.23125
3 0.365625 0.865625 0.1921875 0.216796875
2 0.89296875 0.63125 0.18046875 0.21484375
2 0.13125 0.634375 0.22890625 0.222265625
2 0.1296875 0.8796875 0.1890625 0.2203125
4 0.8953125 0.88671875 0.209375 0.2265625
4 0.64765625 0.88125 0.2234375 0.2375
4 0.3765625 0.6203125 0.21484375 0.228515625
2 0.3875 0.3734375 0.219921875 0.215234375