2 0.12890625 0.12890625 0.2453125 0.2578125
2 0.1265625 0.371875 0.20625 0.250390625
2 0.88828125 0.13203125 0.2234375 0.2296875
3 0.36796875 0.378125 0.23515625 0.224609375
5 0.88359375 0.3875 0.22578125 0.240625
2 0.3734375 0.8765625 0.220703125 0.230078125
0 0.62734375 0.1328125 0.1921875 0.2328125
5 0.88125 0.634375 0.20703125 0.241015625
2 0.13125 0.8796875 0.186328125 0.213671875
4 0.62734375 0.62578125 0.21875 0.23671875
4 0.6296875 0.8859375 0.201171875 0.217578125
0 0.8859375 0.884375 0.212890625 0.205859375
4 0.1265625 0.628125 0.198828125 0.212109375
4 0.37265625 0.634375 0.20625 0.211328125
3 0.37578125 0.13125 0.215625 0.234765625