3 0.6328125 0.38671875 0.215625 0.21171875
3 0.384375 0.1359375 0.20390625 0.220703125
3 0.1328125 0.6265625 0.194921875 0.194921875
5 0.89140625 0.39765625 0.2171875 0.2328125
5 0.1390625 0.875 0.21171875 0.21953125
5 0.13125 0.14140625 0.197265625 0.21328125
3 0.1359375 0.37578125 0.201171875 0.203125
5 0.3859375 0.6234375 0.2046875 0.207421875
5 0.634375 0.63046875 0.193359375 0.1953125
0 0.878125 0.646875 0.230859375 0.184765625
2 0.39375 0.8734375 0.2125 0.228515625
4 0.3953125 0.3765625 0.162109375 0.201953125
4 0.87578125 0.1390625 0.175 0.2078125
4 0.8765625 0.88828125 0.19375 0.2234375
4 0.63359375 0.8765625 0.2359375 0.246875
0 0.63046875 0.11875 0.225 0.233984375