2 0.12734375 0.1421875 0.21328125 0.203515625
2 0.878125 0.13125 0.208203125 0.20234375
5 0.11953125 0.64140625 0.1890625 0.20703125
5 0.6546875 0.3796875 0.187109375 0.199609375
5 0.884375 0.8828125 0.176171875 0.201171875
5 0.40234375 0.8765625 0.18515625 0.245703125
3 0.3875 0.1234375 0.189453125 0.233984375
3 0.6265625 0.13125 0.190234375 0.2171875
0 0.4015625 0.39765625 0.171875 0.20703125
0 0.88359375 0.3734375 0.18203125 0.1984375
4 0.14296875 0.38984375 0.1875 0.19609375
4 0.3890625 0.63359375 0.1796875 0.20546875
4 0.621875 0.6359375 0.177734375 0.206640625
4 0.88671875 0.634375 0.19765625 0.221484375
4 0.6375 0.8765625 0.199609375 0.203515625
4 0.1546875 0.87734375 0.217578125 0.20078125