0 0.13125 0.12578125 0.23125 0.2515625
4 0.63359375 0.12734375 0.2453125 0.2546875
4 0.87734375 0.1265625 0.2328125 0.239453125
4 0.3875 0.88125 0.2296875 0.217578125
4 0.634375 0.88125 0.213671875 0.232421875
3 0.3734375 0.1265625 0.1984375 0.231640625
3 0.125 0.378125 0.241796875 0.249609375
3 0.88125 0.871875 0.202734375 0.233203125
2 0.13203125 0.634375 0.2078125 0.215234375
2 0.37734375 0.6296875 0.21640625 0.2203125
2 0.375 0.38125 0.167578125 0.192578125
3 0.88359375 0.6359375 0.1921875 0.230078125
5 0.63671875 0.63984375 0.2296875 0.2296875
5 0.884375 0.37578125 0.219921875 0.21328125
5 0.640625 0.38125 0.223046875 0.2203125
4 0.13359375 0.884375 0.2078125 0.23125