2 0.1296875 0.12109375 0.229296875 0.21953125
2 0.3859375 0.37578125 0.211328125 0.25234375
0 0.37734375 0.11875 0.20859375 0.21328125
3 0.3734375 0.6234375 0.20390625 0.226171875
3 0.63984375 0.384375 0.22109375 0.219140625
0 0.128125 0.63046875 0.21015625 0.2265625
0 0.6359375 0.86875 0.187890625 0.202734375
0 0.88984375 0.1296875 0.2203125 0.259375
0 0.89453125 0.62421875 0.2109375 0.2015625
4 0.63515625 0.1390625 0.22421875 0.24765625
3 0.884375 0.38359375 0.200390625 0.21875
5 0.1265625 0.3796875 0.198828125 0.2140625
0 0.384375 0.8859375 0.1984375 0.223828125
4 0.88984375 0.8890625 0.2203125 0.221875
4 0.628125 0.63125 0.195703125 0.217578125
4 0.11796875 0.8703125 0.19765625 0.2390625