3 0.628125 0.87890625 0.215625 0.2421875
0 0.37734375 0.134375 0.1828125 0.221484375
2 0.8859375 0.884375 0.178125 0.216015625
2 0.14453125 0.628125 0.2046875 0.224609375
3 0.1359375 0.37890625 0.19375 0.2265625
4 0.8734375 0.128125 0.19375 0.21015625
4 0.6234375 0.11953125 0.1671875 0.21015625
4 0.63125 0.3875 0.176953125 0.200390625
4 0.87265625 0.38671875 0.22421875 0.2140625
4 0.89296875 0.64453125 0.2140625 0.2359375
4 0.3734375 0.6375 0.197265625 0.202734375
4 0.121875 0.88046875 0.196875 0.2015625
2 0.13671875 0.12734375 0.1859375 0.2046875
3 0.384375 0.384375 0.190625 0.215234375
0 0.38828125 0.884375 0.228125 0.21171875
3 0.653125 0.62734375 0.233203125 0.22421875