0 0.634375 0.38125 0.230859375 0.243359375
3 0.38046875 0.63515625 0.21484375 0.2421875
3 0.63359375 0.634375 0.20625 0.216796875
2 0.628125 0.8796875 0.173828125 0.225390625
2 0.88046875 0.884375 0.19765625 0.208203125
3 0.140625 0.88125 0.183203125 0.201171875
3 0.125 0.13671875 0.1375 0.20625
3 0.3703125 0.1453125 0.1921875 0.212109375
2 0.62734375 0.13984375 0.2078125 0.215625
5 0.1390625 0.384375 0.191796875 0.200390625
4 0.37265625 0.3828125 0.196875 0.219140625
4 0.878125 0.390625 0.1859375 0.207421875
4 0.1328125 0.6265625 0.1984375 0.231640625
4 0.3828125 0.884375 0.161328125 0.205859375
4 0.890625 0.140625 0.18203125 0.219140625
4 0.890625 0.634375 0.191796875 0.220703125