2 0.1296875 0.12109375 0.219921875 0.21015625
2 0.3859375 0.37578125 0.184765625 0.2328125
0 0.37734375 0.11875 0.203125 0.2078125
3 0.3734375 0.6234375 0.20859375 0.230078125
3 0.63984375 0.384375 0.215625 0.213671875
0 0.128125 0.63046875 0.221875 0.23671875
0 0.6359375 0.86875 0.204296875 0.217578125
0 0.88984375 0.1296875 0.2203125 0.259375
0 0.8890625 0.62421875 0.221875 0.2234375
4 0.63515625 0.1390625 0.21640625 0.240625
3 0.884375 0.38359375 0.211328125 0.228125
5 0.1265625 0.3796875 0.201171875 0.215625
0 0.384375 0.88515625 0.20625 0.2296875
4 0.89140625 0.890625 0.2171875 0.21875
4 0.628125 0.63125 0.219921875 0.237890625
4 0.11796875 0.8703125 0.20234375 0.24296875