3 0.3796875 0.3796875 0.24765625 0.233203125
3 0.63671875 0.3734375 0.23046875 0.228515625
3 0.3890625 0.8875 0.22109375 0.22109375
3 0.1296875 0.63125 0.240234375 0.240234375
3 0.13125 0.38125 0.20703125 0.216015625
2 0.6296875 0.13046875 0.22734375 0.23203125
2 0.87890625 0.36796875 0.2421875 0.2515625
2 0.634375 0.88515625 0.225 0.2296875
0 0.89140625 0.878125 0.1859375 0.24375
0 0.3859375 0.12109375 0.218359375 0.22265625
0 0.88046875 0.134375 0.2296875 0.223046875
4 0.1328125 0.14765625 0.206640625 0.24296875
4 0.37421875 0.628125 0.18828125 0.21171875
4 0.6296875 0.6484375 0.24609375 0.248046875
4 0.8703125 0.63671875 0.20078125 0.23984375
4 0.128125 0.89296875 0.211328125 0.20546875