0 0.1390625 0.375 0.205859375 0.223046875
0 0.884375 0.8859375 0.23125 0.21875
0 0.390625 0.375 0.229296875 0.225390625
2 0.3796875 0.61875 0.230078125 0.24140625
2 0.1390625 0.13046875 0.1953125 0.21640625
0 0.878125 0.12734375 0.208203125 0.225
2 0.38359375 0.1234375 0.221875 0.223828125
2 0.1375 0.6171875 0.24375 0.249609375
3 0.6359375 0.646875 0.235546875 0.247265625
2 0.6203125 0.1140625 0.209375 0.228125
4 0.640625 0.36875 0.215625 0.235546875
4 0.88046875 0.38359375 0.2390625 0.2265625
4 0.13671875 0.8734375 0.20546875 0.25078125
5 0.8859375 0.63359375 0.212890625 0.2109375
5 0.6359375 0.8796875 0.205859375 0.234765625
2 0.37734375 0.875 0.240625 0.24453125