4 0.134375 0.1328125 0.22421875 0.23359375
4 0.1359375 0.37421875 0.218359375 0.24609375
3 0.3734375 0.1296875 0.209765625 0.2328125
3 0.87734375 0.1359375 0.2453125 0.25625
3 0.8765625 0.39375 0.2 0.2
3 0.63359375 0.8859375 0.2140625 0.228125
5 0.8765625 0.88203125 0.218359375 0.1734375
5 0.3765625 0.38125 0.197265625 0.215234375
5 0.625 0.63671875 0.241796875 0.26171875
0 0.63515625 0.3734375 0.22890625 0.24140625
0 0.628125 0.13125 0.22421875 0.226953125
0 0.8796875 0.6234375 0.2203125 0.214453125
0 0.1296875 0.884375 0.210546875 0.226953125
4 0.3828125 0.6359375 0.208203125 0.217578125
2 0.13125 0.63125 0.248046875 0.243359375
0 0.39296875 0.8796875 0.23125 0.23515625