3 0.134375 0.13203125 0.20078125 0.23203125
3 0.6359375 0.12890625 0.187109375 0.21953125
3 0.13203125 0.36640625 0.2 0.209375
3 0.8890625 0.88125 0.159375 0.218359375
4 0.390625 0.1203125 0.196875 0.221484375
4 0.8734375 0.11328125 0.209765625 0.21640625
4 0.3984375 0.37109375 0.21015625 0.225
4 0.89453125 0.6328125 0.1921875 0.206640625
4 0.38515625 0.8859375 0.2171875 0.228125
0 0.14765625 0.87734375 0.21875 0.209375
0 0.89375 0.37421875 0.2125 0.2265625
2 0.12109375 0.62421875 0.17734375 0.18046875
2 0.378125 0.62890625 0.209375 0.19765625
5 0.61875 0.88125 0.173046875 0.198046875
5 0.6359375 0.6203125 0.203515625 0.212109375
5 0.64140625 0.384375 0.2140625 0.240234375