3 0.38515625 0.115625 0.2765625 0.23125
3 0.871875 0.378125 0.219921875 0.246484375
5 0.8796875 0.6296875 0.179296875 0.199609375
5 0.134375 0.8625 0.20390625 0.1953125
3 0.86875 0.1296875 0.205078125 0.215625
3 0.1328125 0.134375 0.20234375 0.204296875
2 0.6390625 0.1421875 0.18359375 0.2609375
2 0.8796875 0.86875 0.198046875 0.193359375
4 0.1296875 0.39453125 0.197265625 0.234375
4 0.3828125 0.4046875 0.2140625 0.262109375
4 0.13046875 0.63046875 0.18515625 0.20546875
4 0.3875 0.6546875 0.19921875 0.222265625
4 0.40234375 0.87421875 0.2140625 0.196875
4 0.6375 0.62734375 0.216796875 0.21875
4 0.63125 0.396875 0.183984375 0.196484375
2 0.628125 0.87421875 0.234375 0.2515625