0 0.125 0.128125 0.25 0.25
3 0.3765625 0.1296875 0.230859375 0.230859375
4 0.6296875 0.1234375 0.247265625 0.22734375
4 0.87890625 0.12578125 0.2421875 0.2328125
4 0.3765625 0.38046875 0.246484375 0.253125
4 0.6234375 0.3765625 0.232421875 0.2421875
4 0.628125 0.625 0.252734375 0.248046875
4 0.63203125 0.87734375 0.2453125 0.2453125
0 0.128125 0.38125 0.216796875 0.222265625
5 0.8796875 0.3703125 0.22578125 0.22578125
0 0.38125 0.6234375 0.237890625 0.242578125
5 0.384375 0.8671875 0.24609375 0.24609375
5 0.1328125 0.8734375 0.2375 0.240234375
0 0.1328125 0.625 0.24609375 0.248828125
0 0.878125 0.62578125 0.24375 0.2390625
2 0.875 0.8765625 0.221484375 0.221484375