3 0.125 0.36875 0.237109375 0.259765625
3 0.628125 0.384375 0.211328125 0.242578125
3 0.3890625 0.62734375 0.208203125 0.2296875
3 0.8921875 0.87578125 0.215625 0.2296875
3 0.12109375 0.625 0.228125 0.232421875
5 0.4 0.37734375 0.195703125 0.2375
5 0.63203125 0.6265625 0.2640625 0.259765625
5 0.63671875 0.1140625 0.2328125 0.228125
4 0.3875 0.128125 0.19765625 0.22734375
4 0.88203125 0.1390625 0.175 0.238671875
4 0.63671875 0.88046875 0.2234375 0.2390625
2 0.88125 0.3859375 0.193359375 0.220703125
2 0.8875 0.6328125 0.2109375 0.2296875
2 0.125 0.8703125 0.215234375 0.222265625
2 0.375 0.89765625 0.199609375 0.184375
4 0.14375 0.13671875 0.216015625 0.225