3 0.11796875 0.11875 0.21328125 0.230859375
3 0.140625 0.390625 0.1796875 0.200390625
3 0.63515625 0.37109375 0.19609375 0.21640625
3 0.6375 0.8890625 0.186328125 0.195703125
5 0.8921875 0.371875 0.162109375 0.187109375
5 0.13125 0.6140625 0.187890625 0.24375
0 0.38984375 0.1359375 0.1640625 0.21171875
0 0.625 0.13125 0.200390625 0.216015625
2 0.3796875 0.38125 0.200390625 0.220703125
2 0.38515625 0.85859375 0.1765625 0.19453125
0 0.87734375 0.62734375 0.16796875 0.1765625
4 0.1296875 0.87109375 0.178515625 0.2140625
4 0.384375 0.6109375 0.192578125 0.237890625
4 0.6265625 0.6171875 0.182421875 0.217578125
4 0.8859375 0.88125 0.173046875 0.19609375
4 0.88203125 0.13125 0.20390625 0.201953125