3 0.62890625 0.8765625 0.2265625 0.246875
0 0.37734375 0.134375 0.2125 0.244140625
2 0.8859375 0.884375 0.18671875 0.223046875
2 0.14453125 0.628125 0.22890625 0.245703125
3 0.1359375 0.37890625 0.196875 0.22890625
4 0.8734375 0.128125 0.19609375 0.2125
4 0.6234375 0.11953125 0.1828125 0.2203125
4 0.63125 0.3875 0.175390625 0.199609375
4 0.87265625 0.38671875 0.23125 0.22109375
4 0.896875 0.6453125 0.201171875 0.218359375
4 0.3734375 0.6375 0.201953125 0.207421875
4 0.121875 0.88046875 0.2015625 0.20625
2 0.13671875 0.12734375 0.203125 0.21953125
3 0.384375 0.384375 0.20078125 0.223828125
0 0.38828125 0.884375 0.2265625 0.21015625
3 0.653125 0.62734375 0.233984375 0.225