3 0.13203125 0.38203125 0.2265625 0.2375
3 0.37109375 0.6359375 0.215625 0.248828125
3 0.1203125 0.87265625 0.240625 0.2421875
0 0.634375 0.38359375 0.190625 0.1859375
0 0.884375 0.13125 0.203515625 0.206640625
0 0.6296875 0.13203125 0.191796875 0.21171875
3 0.625 0.878125 0.199609375 0.219140625
3 0.36875 0.1203125 0.204296875 0.189453125
2 0.63125 0.6359375 0.231640625 0.216796875
5 0.88046875 0.88125 0.2390625 0.2375
4 0.1234375 0.140625 0.209765625 0.228125
5 0.3859375 0.88359375 0.20703125 0.2140625
5 0.125 0.6296875 0.25 0.2625
4 0.865625 0.6296875 0.188671875 0.233984375
4 0.3734375 0.38046875 0.176171875 0.22578125
4 0.8921875 0.3734375 0.208984375 0.230078125