2 0.609375 0.8734375 0.221875 0.219140625
2 0.61953125 0.1265625 0.2359375 0.253125
3 0.8921875 0.63515625 0.215625 0.2515625
3 0.86640625 0.8828125 0.2234375 0.234375
3 0.37734375 0.88359375 0.2046875 0.2328125
3 0.87734375 0.38203125 0.228125 0.21953125
3 0.63671875 0.3921875 0.24296875 0.244921875
4 0.87890625 0.1234375 0.2421875 0.240625
4 0.38671875 0.628125 0.25 0.259765625
4 0.1265625 0.1234375 0.240625 0.246875
4 0.3921875 0.1265625 0.23125 0.241796875
4 0.39375 0.3765625 0.226953125 0.226953125
0 0.14140625 0.38125 0.21640625 0.220703125
5 0.134375 0.6328125 0.205078125 0.23515625
5 0.11953125 0.8765625 0.2265625 0.246875