3 0.128125 0.64375 0.213671875 0.233203125
3 0.88203125 0.1359375 0.2046875 0.219140625
5 0.634375 0.37890625 0.258203125 0.25234375
5 0.8859375 0.88515625 0.21875 0.2296875
5 0.13203125 0.8765625 0.240625 0.225390625
2 0.3859375 0.6046875 0.212890625 0.224609375
0 0.1296875 0.13359375 0.185546875 0.20859375
4 0.3796875 0.1296875 0.2015625 0.2140625
4 0.134375 0.38125 0.2515625 0.249609375
4 0.3953125 0.8828125 0.246875 0.21953125
2 0.6296875 0.14296875 0.170703125 0.21328125
4 0.634375 0.8890625 0.221875 0.221875
4 0.38828125 0.3890625 0.20703125 0.226171875
5 0.6328125 0.6296875 0.201171875 0.215625
3 0.8875 0.62265625 0.225 0.1984375
4 0.88125 0.36875 0.220703125 0.212109375