2 0.13125 0.12421875 0.223828125 0.23984375
4 0.634375 0.62890625 0.2234375 0.24609375
0 0.36640625 0.128125 0.234375 0.241015625
5 0.61875 0.1265625 0.202734375 0.2171875
3 0.87421875 0.1296875 0.22421875 0.226171875
2 0.1234375 0.38359375 0.20390625 0.2203125
3 0.3703125 0.3890625 0.213671875 0.225
3 0.6140625 0.3859375 0.2109375 0.226953125
3 0.8859375 0.3859375 0.20546875 0.24765625
2 0.12421875 0.63671875 0.19375 0.215625
4 0.36875 0.621875 0.21484375 0.230078125
0 0.86875 0.6265625 0.23046875 0.246875
3 0.125 0.88125 0.25 0.2375
4 0.36875 0.88359375 0.25 0.2328125
4 0.63359375 0.88046875 0.2109375 0.2390625
3 0.884375 0.88046875 0.23125 0.2390625