5 0.12578125 0.13671875 0.2515625 0.2296875
2 0.3796875 0.12109375 0.229296875 0.22734375
4 0.628125 0.134375 0.25625 0.264453125
3 0.8859375 0.12578125 0.228125 0.2515625
0 0.12734375 0.37421875 0.25234375 0.25234375
3 0.3703125 0.38125 0.231640625 0.248828125
2 0.61875 0.3890625 0.201953125 0.246875
4 0.8703125 0.3671875 0.220703125 0.235546875
0 0.12421875 0.63125 0.2484375 0.259375
5 0.3609375 0.6234375 0.20234375 0.2453125
4 0.625 0.625 0.23671875 0.2453125
5 0.878125 0.6265625 0.2046875 0.237109375
0 0.121875 0.8703125 0.24375 0.259375
0 0.35234375 0.8671875 0.2265625 0.265625
5 0.62265625 0.8703125 0.2328125 0.259375
0 0.87109375 0.87578125 0.2515625 0.2484375