5 0.125 0.13671875 0.25 0.2265625
2 0.3796875 0.12109375 0.211328125 0.209375
4 0.628125 0.134375 0.25859375 0.266796875
3 0.88984375 0.1234375 0.215625 0.2421875
0 0.13046875 0.37421875 0.2609375 0.2671875
3 0.3703125 0.38125 0.223046875 0.241015625
2 0.61875 0.3890625 0.218359375 0.25859375
4 0.8703125 0.3671875 0.205078125 0.220703125
0 0.1234375 0.63203125 0.242578125 0.253125
5 0.3609375 0.6234375 0.2140625 0.25390625
4 0.625 0.625 0.246875 0.2546875
5 0.878125 0.6265625 0.221875 0.251171875
0 0.11875 0.87109375 0.236328125 0.246875
0 0.35234375 0.871875 0.1984375 0.25625
5 0.62265625 0.8703125 0.2296875 0.259375
0 0.87109375 0.87578125 0.2515625 0.2484375