0 0.1265625 0.12890625 0.235546875 0.25390625
0 0.3703125 0.13125 0.216015625 0.233203125
3 0.61640625 0.13828125 0.19765625 0.2265625
2 0.8796875 0.1234375 0.202734375 0.2359375
2 0.121875 0.3796875 0.24140625 0.26640625
3 0.3765625 0.38203125 0.212109375 0.228125
5 0.61875 0.3796875 0.23359375 0.23359375
4 0.8765625 0.3828125 0.183984375 0.223828125
3 0.1234375 0.6296875 0.2359375 0.242578125
3 0.365625 0.625 0.229296875 0.262109375
3 0.62265625 0.6265625 0.25703125 0.266796875
0 0.87265625 0.6234375 0.2359375 0.273046875
4 0.12265625 0.87421875 0.2453125 0.2515625
3 0.37109375 0.87578125 0.2359375 0.2484375
3 0.609375 0.8765625 0.203125 0.246875
0 0.87578125 0.878125 0.2078125 0.24375