4 0.12265625 0.128125 0.2296875 0.25625
2 0.378125 0.1234375 0.1671875 0.24140625
2 0.63046875 0.12265625 0.2109375 0.2453125
0 0.8859375 0.1296875 0.192578125 0.248828125
2 0.1296875 0.3796875 0.237109375 0.261328125
2 0.384375 0.38125 0.169921875 0.25078125
2 0.6328125 0.38203125 0.20078125 0.2484375
5 0.86875 0.3796875 0.229296875 0.258203125
2 0.1203125 0.6296875 0.231640625 0.26953125
5 0.3734375 0.6265625 0.1984375 0.251953125
4 0.63125 0.6296875 0.246484375 0.276953125
2 0.871875 0.62734375 0.25625 0.2828125
2 0.12734375 0.88203125 0.1953125 0.2359375
4 0.37890625 0.8734375 0.2703125 0.253125
4 0.61796875 0.8828125 0.1953125 0.234375
3 0.87265625 0.87734375 0.2546875 0.2453125