5 0.125 0.1265625 0.194140625 0.241015625
5 0.3765625 0.8796875 0.210546875 0.240234375
5 0.625 0.88046875 0.178125 0.2140625
5 0.87109375 0.88125 0.1953125 0.2375
2 0.3796875 0.1296875 0.216015625 0.2421875
2 0.628125 0.13125 0.222265625 0.236328125
2 0.8796875 0.371875 0.21640625 0.24453125
0 0.87421875 0.12890625 0.23203125 0.25
0 0.3765625 0.384375 0.208203125 0.22890625
0 0.38125 0.628125 0.206640625 0.236328125
0 0.63203125 0.625 0.23671875 0.24921875
3 0.1265625 0.37421875 0.198828125 0.23515625
3 0.6296875 0.37734375 0.20234375 0.24140625
3 0.11640625 0.871875 0.20625 0.240234375
4 0.1234375 0.6203125 0.20625 0.245703125
4 0.878125 0.628125 0.212890625 0.232421875