5 0.125 0.1265625 0.198828125 0.244140625
5 0.37578125 0.87734375 0.2203125 0.2453125
5 0.625 0.88046875 0.18984375 0.2234375
5 0.87109375 0.88203125 0.1890625 0.2359375
2 0.3796875 0.1296875 0.217578125 0.24375
2 0.628125 0.13125 0.215234375 0.230078125
2 0.8796875 0.371875 0.21640625 0.24453125
0 0.87421875 0.12890625 0.23359375 0.25078125
0 0.3765625 0.384375 0.194921875 0.21796875
0 0.38125 0.628125 0.220703125 0.247265625
0 0.63203125 0.625 0.23671875 0.24921875
3 0.1265625 0.37421875 0.207421875 0.240625
3 0.6296875 0.37734375 0.209375 0.24609375
3 0.11640625 0.871875 0.2109375 0.243359375
4 0.1234375 0.6203125 0.2171875 0.254296875
4 0.878125 0.628125 0.219921875 0.237890625