3 0.12734375 0.1234375 0.2046875 0.230859375
4 0.37421875 0.12734375 0.21953125 0.2375
3 0.63125 0.125 0.228125 0.25
4 0.88515625 0.12734375 0.2296875 0.2546875
4 0.1203125 0.378125 0.236328125 0.25859375
5 0.3796875 0.384375 0.238671875 0.262890625
4 0.63671875 0.38515625 0.23125 0.26796875
4 0.8796875 0.384375 0.23671875 0.255078125
4 0.125 0.6359375 0.2171875 0.228125
5 0.3609375 0.63984375 0.213671875 0.23125
5 0.6203125 0.6296875 0.230078125 0.23203125
3 0.87265625 0.6234375 0.2546875 0.246875
5 0.3703125 0.88125 0.23125 0.2375
3 0.62734375 0.88359375 0.2265625 0.2328125
2 0.87890625 0.8796875 0.2421875 0.240625