3 0.12734375 0.1234375 0.21015625 0.235546875
4 0.3734375 0.12734375 0.240625 0.2546875
3 0.63203125 0.12265625 0.20625 0.2375
4 0.884375 0.128125 0.23125 0.25625
4 0.1203125 0.378125 0.240625 0.2625
5 0.3796875 0.384375 0.237109375 0.261328125
4 0.63671875 0.38515625 0.2328125 0.26875
4 0.8796875 0.384375 0.23671875 0.255078125
4 0.125 0.6359375 0.2203125 0.23125
5 0.3609375 0.63984375 0.204296875 0.2234375
5 0.6203125 0.6296875 0.223046875 0.22578125
3 0.875 0.62421875 0.25 0.2328125
5 0.3703125 0.88125 0.23125 0.2375
3 0.6265625 0.88671875 0.2125 0.2265625
2 0.8765625 0.87734375 0.246875 0.2453125