4 0.121875 0.13125 0.234765625 0.253125
3 0.37890625 0.134375 0.21796875 0.244921875
4 0.6234375 0.134375 0.227734375 0.253515625
5 0.865625 0.13203125 0.218359375 0.25703125
0 0.12578125 0.3859375 0.2515625 0.24375
4 0.3796875 0.3796875 0.219921875 0.22890625
5 0.6375 0.3796875 0.243359375 0.250390625
2 0.871875 0.38671875 0.220703125 0.22265625
5 0.1234375 0.63203125 0.22734375 0.23203125
2 0.36875 0.625 0.226171875 0.248046875
5 0.63046875 0.634375 0.24375 0.241796875
4 0.87109375 0.628125 0.2328125 0.250390625
2 0.121875 0.8765625 0.20625 0.246875
4 0.37734375 0.8796875 0.2171875 0.240625
3 0.63125 0.8859375 0.209375 0.228125
3 0.88828125 0.88671875 0.1953125 0.2265625