4 0.12578125 0.14140625 0.23828125 0.23828125
0 0.3765625 0.13125 0.210546875 0.237109375
5 0.62421875 0.14921875 0.20546875 0.22578125
2 0.865625 0.1375 0.2109375 0.2375
2 0.1234375 0.40078125 0.220703125 0.20703125
2 0.37265625 0.38984375 0.2359375 0.21796875
4 0.63125 0.384375 0.19453125 0.231640625
0 0.8765625 0.3875 0.23125 0.245703125
0 0.1203125 0.6234375 0.228125 0.212109375
0 0.3640625 0.6265625 0.234765625 0.230078125
3 0.6265625 0.6359375 0.218359375 0.237109375
3 0.88359375 0.63828125 0.23203125 0.23203125
3 0.1375 0.8734375 0.24140625 0.22421875
4 0.36328125 0.87421875 0.2328125 0.2515625
3 0.62734375 0.88203125 0.2140625 0.2359375
3 0.8640625 0.8765625 0.225 0.246875