3 0.12734375 0.13359375 0.225 0.25234375
3 0.6203125 0.1296875 0.223046875 0.23515625
3 0.12734375 0.37265625 0.2125 0.25390625
3 0.37421875 0.8734375 0.19921875 0.243359375
5 0.36953125 0.13125 0.2640625 0.2625
5 0.875 0.38125 0.2078125 0.2375
5 0.6234375 0.6296875 0.216796875 0.234375
2 0.87890625 0.1265625 0.2234375 0.253125
2 0.38125 0.37265625 0.251953125 0.2640625
2 0.6234375 0.871875 0.202734375 0.246484375
2 0.621875 0.375 0.211328125 0.25
4 0.1234375 0.6203125 0.191796875 0.239453125
4 0.38203125 0.62578125 0.2234375 0.24140625
4 0.8734375 0.6296875 0.241796875 0.246484375
2 0.115625 0.871875 0.196875 0.25625
0 0.87421875 0.8765625 0.1671875 0.246875