3 0.12734375 0.13359375 0.21640625 0.2453125
3 0.6203125 0.1296875 0.223046875 0.23515625
3 0.12734375 0.37265625 0.203125 0.24765625
3 0.37421875 0.8734375 0.20078125 0.244921875
5 0.36953125 0.13046875 0.2578125 0.2609375
5 0.875 0.38125 0.22578125 0.2515625
5 0.6234375 0.6296875 0.216796875 0.234375
2 0.87890625 0.12890625 0.2328125 0.2578125
2 0.38125 0.37265625 0.226953125 0.24140625
2 0.6234375 0.871875 0.195703125 0.241796875
2 0.621875 0.375 0.211328125 0.25
4 0.1234375 0.6203125 0.190234375 0.237890625
4 0.38203125 0.62578125 0.24453125 0.26015625
4 0.8734375 0.6296875 0.223046875 0.228515625
2 0.11484375 0.875 0.1796875 0.25
0 0.875 0.8734375 0.1875 0.253125