3 0.1265625 0.13046875 0.213671875 0.25859375
3 0.375 0.12734375 0.22734375 0.24921875
3 0.621875 0.3796875 0.201171875 0.245703125
3 0.375 0.6296875 0.220703125 0.254296875
0 0.61953125 0.1296875 0.21015625 0.257421875
0 0.13125 0.37890625 0.207421875 0.24375
0 0.6296875 0.628125 0.20078125 0.233984375
0 0.6234375 0.87265625 0.240625 0.2546875
0 0.11875 0.871875 0.21875 0.25625
4 0.8734375 0.12578125 0.20625 0.246875
4 0.1203125 0.6234375 0.239453125 0.2671875
4 0.8796875 0.63046875 0.216015625 0.2296875
5 0.37421875 0.37578125 0.2140625 0.25
5 0.3703125 0.87578125 0.234375 0.2484375
5 0.871875 0.871875 0.221875 0.25625
2 0.8640625 0.3828125 0.244921875 0.248828125