2 0.115625 0.128125 0.186328125 0.217578125
4 0.3703125 0.12734375 0.239453125 0.2375
3 0.628125 0.13046875 0.228125 0.21484375
3 0.8671875 0.13125 0.208984375 0.237109375
2 0.13125 0.38203125 0.246484375 0.25859375
4 0.371875 0.38828125 0.218359375 0.23515625
3 0.62265625 0.384375 0.2359375 0.2671875
3 0.8703125 0.39765625 0.219140625 0.23515625
2 0.11875 0.625 0.19140625 0.2203125
3 0.3671875 0.6296875 0.215234375 0.2125
2 0.61875 0.6390625 0.201953125 0.222265625
4 0.8609375 0.63671875 0.223046875 0.2296875
3 0.1203125 0.8765625 0.191796875 0.230859375
0 0.36328125 0.8828125 0.2171875 0.234375
0 0.6140625 0.87734375 0.2125 0.2453125
3 0.8703125 0.87890625 0.228125 0.2421875