2 0.115625 0.128125 0.201953125 0.230078125
4 0.3703125 0.12734375 0.255078125 0.25390625
3 0.628125 0.13046875 0.2359375 0.2234375
3 0.8671875 0.13125 0.212109375 0.239453125
2 0.13125 0.38203125 0.226953125 0.24140625
4 0.371875 0.38828125 0.224609375 0.240625
3 0.62265625 0.384375 0.2109375 0.2484375
3 0.8703125 0.39765625 0.231640625 0.24609375
2 0.11875 0.625 0.203125 0.2296875
3 0.3671875 0.6296875 0.216796875 0.2140625
2 0.61875 0.6390625 0.190234375 0.212109375
4 0.8609375 0.63671875 0.233984375 0.240625
3 0.1203125 0.8765625 0.184765625 0.225390625
0 0.3640625 0.88828125 0.190625 0.2234375
0 0.61328125 0.87734375 0.2109375 0.2453125
3 0.8703125 0.88046875 0.21875 0.2390625