3 0.125 0.1265625 0.25 0.253125
5 0.37265625 0.13046875 0.2328125 0.2609375
4 0.64921875 0.12890625 0.2265625 0.2578125
5 0.86875 0.12734375 0.201953125 0.24453125
2 0.11875 0.38203125 0.184765625 0.23515625
0 0.37734375 0.39296875 0.22890625 0.22890625
0 0.6296875 0.3859375 0.21640625 0.231640625
3 0.871875 0.3796875 0.2390625 0.25859375
4 0.12734375 0.63125 0.2328125 0.262890625
5 0.36953125 0.6421875 0.228125 0.221484375
5 0.621875 0.6359375 0.243359375 0.247265625
3 0.88359375 0.6359375 0.22421875 0.244921875
4 0.1234375 0.8765625 0.228515625 0.237109375
3 0.38515625 0.8875 0.2421875 0.225
5 0.62421875 0.88046875 0.2296875 0.2390625
3 0.871875 0.89140625 0.2 0.2171875