0 0.115625 0.1421875 0.226171875 0.226171875
3 0.384375 0.125 0.221484375 0.23671875
4 0.61953125 0.121875 0.2328125 0.24375
2 0.88203125 0.12578125 0.21015625 0.240625
2 0.11875 0.38359375 0.173828125 0.23984375
5 0.36796875 0.3828125 0.21484375 0.259765625
3 0.6296875 0.3890625 0.2390625 0.2390625
5 0.88046875 0.38515625 0.2390625 0.2484375
3 0.1296875 0.63203125 0.197265625 0.2265625
0 0.37578125 0.634375 0.215625 0.230859375
0 0.628125 0.63125 0.1984375 0.231640625
3 0.8703125 0.6375 0.220703125 0.243359375
2 0.12734375 0.8796875 0.2109375 0.240625
2 0.37890625 0.8828125 0.2328125 0.234375
3 0.62734375 0.88515625 0.2203125 0.2296875
4 0.87421875 0.88515625 0.2078125 0.2296875