0 0.11796875 0.14140625 0.2359375 0.2421875
3 0.384375 0.125 0.213671875 0.2296875
4 0.61953125 0.12578125 0.2484375 0.2515625
2 0.88125 0.1265625 0.228125 0.253125
2 0.11875 0.38359375 0.173828125 0.23984375
5 0.36796875 0.3828125 0.21484375 0.259765625
3 0.6296875 0.3890625 0.24765625 0.24765625
5 0.8828125 0.38515625 0.234375 0.2390625
3 0.1296875 0.63203125 0.195703125 0.225
0 0.37578125 0.634375 0.2078125 0.224609375
0 0.628125 0.63125 0.20546875 0.237109375
3 0.8703125 0.6375 0.209765625 0.234765625
2 0.128125 0.8765625 0.228125 0.246875
2 0.37890625 0.88515625 0.2234375 0.2296875
3 0.62734375 0.88828125 0.2109375 0.2234375
4 0.87421875 0.8859375 0.20625 0.226953125