2 0.13125 0.128125 0.22890625 0.251953125
3 0.37421875 0.125 0.2265625 0.25
4 0.6328125 0.1421875 0.2015625 0.216796875
3 0.8796875 0.1359375 0.235546875 0.226953125
0 0.12109375 0.378125 0.21796875 0.23125
5 0.371875 0.3796875 0.21953125 0.226171875
0 0.61875 0.38203125 0.168359375 0.2234375
2 0.884375 0.38125 0.2140625 0.230859375
3 0.128125 0.6359375 0.225390625 0.23671875
3 0.3796875 0.63359375 0.228515625 0.25078125
3 0.62734375 0.6359375 0.24296875 0.236328125
3 0.88125 0.6390625 0.236328125 0.232421875
3 0.125 0.88359375 0.215625 0.2328125
5 0.3703125 0.87890625 0.20625 0.2421875
0 0.6234375 0.890625 0.209375 0.21875
5 0.8625 0.8859375 0.21875 0.228125