5 0.125 0.12890625 0.240625 0.2578125
5 0.63046875 0.121875 0.2109375 0.24375
5 0.625 0.6328125 0.187890625 0.228515625
5 0.12421875 0.8828125 0.2015625 0.234375
5 0.61796875 0.88046875 0.1953125 0.2390625
5 0.87890625 0.87890625 0.2109375 0.2421875
2 0.37109375 0.1265625 0.2484375 0.253125
2 0.87421875 0.12109375 0.1921875 0.2421875
2 0.128125 0.38203125 0.248828125 0.25078125
2 0.12734375 0.63671875 0.18125 0.228125
0 0.384375 0.3859375 0.21640625 0.241796875
0 0.6296875 0.38125 0.176953125 0.222265625
4 0.87109375 0.3734375 0.2140625 0.240625
4 0.884375 0.63359375 0.2171875 0.25234375
4 0.375 0.86875 0.2375 0.2625
3 0.3796875 0.6296875 0.208984375 0.23984375