2 0.13125 0.128125 0.234375 0.25625
3 0.37421875 0.12109375 0.2046875 0.2421875
4 0.6328125 0.1421875 0.21953125 0.232421875
3 0.8796875 0.1359375 0.240234375 0.231640625
0 0.12109375 0.378125 0.23359375 0.24609375
5 0.371875 0.3796875 0.22421875 0.230859375
0 0.61875 0.38203125 0.177734375 0.2296875
2 0.884375 0.38125 0.22109375 0.237109375
3 0.128125 0.6359375 0.235546875 0.24609375
3 0.3796875 0.63359375 0.228515625 0.25078125
3 0.62734375 0.6359375 0.23359375 0.226953125
3 0.8796875 0.63828125 0.240625 0.2390625
3 0.125 0.8765625 0.246875 0.246875
5 0.3703125 0.8734375 0.234375 0.253125
0 0.6234375 0.890625 0.209375 0.21875
5 0.86328125 0.88828125 0.2078125 0.2234375