0 0.13046875 0.1296875 0.2421875 0.259375
5 0.36328125 0.13203125 0.2515625 0.2640625
4 0.62109375 0.12734375 0.22734375 0.2484375
5 0.87890625 0.1203125 0.2265625 0.240625
5 0.1265625 0.3859375 0.219140625 0.242578125
4 0.37734375 0.384375 0.24140625 0.239453125
0 0.6328125 0.37421875 0.246484375 0.26015625
4 0.86953125 0.378125 0.2234375 0.228125
2 0.1234375 0.63203125 0.226953125 0.2375
4 0.3765625 0.6171875 0.246484375 0.260546875
3 0.62890625 0.63359375 0.228125 0.2578125
0 0.87734375 0.6328125 0.2453125 0.2625
3 0.13515625 0.8765625 0.2578125 0.246875
4 0.371875 0.87734375 0.203125 0.2453125
0 0.62421875 0.88203125 0.1953125 0.2359375
0 0.878125 0.88671875 0.2125 0.2265625