5 0.121875 0.13671875 0.216796875 0.22890625
5 0.8640625 0.375 0.18203125 0.240234375
3 0.37421875 0.12109375 0.1984375 0.2421875
3 0.1171875 0.3734375 0.229296875 0.255078125
3 0.6265625 0.37109375 0.198046875 0.22578125
3 0.1265625 0.61484375 0.231640625 0.25390625
3 0.87578125 0.6234375 0.17734375 0.23359375
2 0.628125 0.12421875 0.2 0.2484375
2 0.63046875 0.62890625 0.2 0.2390625
2 0.13125 0.8765625 0.209375 0.246875
2 0.37109375 0.878125 0.1984375 0.24375
2 0.63515625 0.878125 0.1859375 0.24375
4 0.871875 0.1140625 0.175390625 0.228125
4 0.37265625 0.3796875 0.184375 0.229296875
4 0.87421875 0.8796875 0.1828125 0.240625
0 0.3703125 0.62734375 0.194140625 0.24296875