2 0.1203125 0.13046875 0.234375 0.2609375
0 0.37890625 0.1296875 0.2578125 0.259375
3 0.62421875 0.128125 0.2140625 0.245703125
2 0.871875 0.125 0.25625 0.246875
3 0.12109375 0.3703125 0.21953125 0.235546875
5 0.37734375 0.375 0.23828125 0.236328125
4 0.621875 0.37890625 0.2296875 0.23359375
5 0.87734375 0.37890625 0.2453125 0.2671875
3 0.128125 0.63203125 0.23671875 0.2328125
3 0.3734375 0.640625 0.23828125 0.266796875
4 0.621875 0.615625 0.219921875 0.23125
4 0.87421875 0.634375 0.2015625 0.216015625
0 0.128125 0.87421875 0.20625 0.2515625
0 0.36640625 0.87578125 0.2265625 0.2484375
3 0.62109375 0.8671875 0.2203125 0.265625
0 0.88359375 0.87578125 0.2078125 0.2484375