2 0.12109375 0.128125 0.215625 0.254296875
0 0.37890625 0.128125 0.24453125 0.2515625
3 0.62421875 0.128125 0.21953125 0.250390625
2 0.86640625 0.13046875 0.2671875 0.2609375
3 0.12109375 0.36953125 0.2421875 0.2578125
5 0.37734375 0.375 0.2453125 0.244140625
4 0.621875 0.37890625 0.24609375 0.25
5 0.87890625 0.37890625 0.2421875 0.2609375
3 0.128125 0.63203125 0.22734375 0.22265625
3 0.3734375 0.640625 0.24453125 0.271484375
4 0.621875 0.615625 0.221484375 0.23359375
4 0.87421875 0.634375 0.21953125 0.233203125
0 0.12890625 0.86796875 0.2390625 0.2640625
0 0.36640625 0.878125 0.2109375 0.24375
3 0.62109375 0.871875 0.1921875 0.25625
0 0.88359375 0.87421875 0.2203125 0.2515625