3 0.11640625 0.12265625 0.1890625 0.2453125
3 0.62734375 0.3828125 0.24921875 0.247265625
3 0.865625 0.378125 0.208203125 0.229296875
4 0.36953125 0.12421875 0.2046875 0.2484375
4 0.87109375 0.125 0.2390625 0.25
4 0.884375 0.625 0.214453125 0.2359375
4 0.6234375 0.87421875 0.25625 0.2515625
0 0.61875 0.12421875 0.20625 0.2484375
0 0.1296875 0.38125 0.19921875 0.246484375
0 0.3765625 0.38203125 0.211328125 0.24375
0 0.1359375 0.63046875 0.23515625 0.25546875
0 0.375 0.625 0.19296875 0.230078125
0 0.1203125 0.88203125 0.19375 0.2359375
2 0.61640625 0.62734375 0.2046875 0.2234375
5 0.37578125 0.87578125 0.2328125 0.2484375
5 0.87109375 0.87578125 0.2234375 0.2484375