3 0.11640625 0.12578125 0.2109375 0.2515625
3 0.62734375 0.3828125 0.246875 0.244921875
3 0.865625 0.378125 0.213671875 0.233984375
4 0.36953125 0.12421875 0.2015625 0.2484375
4 0.8703125 0.1296875 0.259375 0.259375
4 0.884375 0.625 0.208203125 0.23046875
4 0.6234375 0.87421875 0.25625 0.2515625
0 0.61875 0.1265625 0.21875 0.253125
0 0.1296875 0.38125 0.1953125 0.244140625
0 0.3765625 0.38203125 0.186328125 0.225
0 0.1359375 0.63046875 0.2328125 0.253125
0 0.375 0.625 0.190625 0.228515625
0 0.1203125 0.88125 0.2 0.2375
2 0.61640625 0.62734375 0.21328125 0.23125
5 0.37578125 0.87734375 0.2234375 0.2453125
5 0.87109375 0.87734375 0.2140625 0.2453125