5 0.12578125 0.13203125 0.2171875 0.2640625
2 0.3765625 0.1296875 0.24765625 0.257421875
3 0.625 0.13125 0.246484375 0.249609375
5 0.86171875 0.121875 0.2515625 0.24375
2 0.13203125 0.3890625 0.23203125 0.230078125
0 0.37421875 0.375 0.24609375 0.256640625
4 0.6234375 0.37421875 0.250390625 0.27109375
3 0.8828125 0.375 0.234375 0.265625
3 0.13125 0.6328125 0.230859375 0.239453125
0 0.3875 0.62734375 0.234765625 0.24140625
0 0.62109375 0.63125 0.2234375 0.253515625
2 0.87578125 0.6296875 0.2109375 0.237109375
4 0.128125 0.87890625 0.215625 0.2421875
3 0.37265625 0.88359375 0.1734375 0.2328125
3 0.62734375 0.86953125 0.2171875 0.2609375
3 0.88203125 0.86953125 0.2359375 0.2609375