0 0.1296875 0.13515625 0.18203125 0.234375
0 0.378125 0.63125 0.230859375 0.239453125
0 0.634375 0.628125 0.219140625 0.237109375
0 0.878125 0.63125 0.195703125 0.239453125
0 0.61953125 0.875 0.2328125 0.25
2 0.36953125 0.1234375 0.2078125 0.246875
2 0.86875 0.13359375 0.19375 0.2359375
2 0.37421875 0.37265625 0.23046875 0.25703125
4 0.6140625 0.13203125 0.248046875 0.2546875
4 0.865625 0.3859375 0.21796875 0.237109375
3 0.125 0.3734375 0.232421875 0.2421875
3 0.12578125 0.6296875 0.153125 0.22890625
3 0.12109375 0.87734375 0.2203125 0.2453125
3 0.371875 0.8734375 0.2125 0.253125
5 0.6234375 0.38125 0.241796875 0.2390625
5 0.87421875 0.88046875 0.2015625 0.2390625