0 0.12734375 0.13203125 0.2546875 0.2640625
0 0.37578125 0.128125 0.2140625 0.2359375
4 0.628125 0.1390625 0.187890625 0.217578125
0 0.884375 0.1296875 0.214453125 0.240625
4 0.13125 0.39375 0.20703125 0.21875
3 0.3765625 0.384375 0.2546875 0.251953125
3 0.6265625 0.3765625 0.205859375 0.255078125
4 0.8765625 0.39140625 0.228515625 0.25078125
4 0.11328125 0.64296875 0.22109375 0.2296875
4 0.3796875 0.62734375 0.230859375 0.24140625
2 0.63125 0.63125 0.208984375 0.237109375
0 0.87734375 0.646875 0.21015625 0.219921875
3 0.12109375 0.88359375 0.2203125 0.2328125
2 0.36328125 0.88671875 0.1953125 0.2265625
5 0.615625 0.87265625 0.203125 0.2546875
5 0.8703125 0.88515625 0.21875 0.2296875