0 0.1296875 0.13515625 0.18359375 0.2359375
0 0.378125 0.63125 0.244140625 0.252734375
0 0.634375 0.628125 0.238671875 0.253515625
0 0.878125 0.63125 0.209765625 0.249609375
0 0.61953125 0.8796875 0.2078125 0.240625
2 0.36875 0.128125 0.234375 0.25625
2 0.86875 0.13359375 0.18515625 0.22890625
2 0.37421875 0.37265625 0.23203125 0.2578125
4 0.6140625 0.13203125 0.248046875 0.2546875
4 0.865625 0.3859375 0.19765625 0.220703125
3 0.125 0.3734375 0.215234375 0.2265625
3 0.12578125 0.6296875 0.184375 0.24609375
3 0.12109375 0.87578125 0.2265625 0.2484375
3 0.37265625 0.87265625 0.2203125 0.2546875
5 0.6234375 0.38125 0.262890625 0.26015625
5 0.87421875 0.88125 0.1984375 0.2375