4 0.121875 0.1234375 0.21875 0.246875
4 0.36015625 0.1265625 0.1984375 0.253125
4 0.1234375 0.63125 0.199609375 0.242578125
4 0.3671875 0.63125 0.201171875 0.233984375
4 0.1234375 0.87109375 0.215625 0.2578125
4 0.87109375 0.88828125 0.1734375 0.2234375
5 0.628125 0.1265625 0.19453125 0.234375
5 0.6296875 0.878125 0.171875 0.24375
3 0.8796875 0.13203125 0.18515625 0.23671875
3 0.86875 0.628125 0.171484375 0.233984375
2 0.1265625 0.3734375 0.214453125 0.267578125
2 0.37890625 0.3734375 0.2234375 0.23671875
2 0.88203125 0.38515625 0.1703125 0.2234375
2 0.621875 0.6296875 0.170703125 0.235546875
2 0.36953125 0.878125 0.1796875 0.24375
0 0.6296875 0.36640625 0.241015625 0.2515625