3 0.12734375 0.1359375 0.215625 0.226953125
4 0.36875 0.13359375 0.234765625 0.24140625
2 0.63203125 0.134375 0.23125 0.241015625
3 0.8734375 0.12109375 0.225390625 0.2359375
3 0.13046875 0.384375 0.203125 0.226953125
4 0.36640625 0.38125 0.2140625 0.252734375
3 0.6203125 0.384375 0.2515625 0.242578125
3 0.871875 0.38984375 0.237890625 0.2484375
3 0.1375 0.6328125 0.2078125 0.237890625
0 0.36171875 0.6421875 0.23828125 0.252734375
3 0.628125 0.6359375 0.219921875 0.22265625
0 0.88359375 0.6421875 0.20703125 0.219921875
2 0.12734375 0.878125 0.1953125 0.24375
4 0.3765625 0.88984375 0.19375 0.2203125
0 0.63359375 0.88359375 0.2078125 0.2328125
4 0.86953125 0.88046875 0.2046875 0.2390625