0 0.11875 0.13359375 0.2375 0.2390625
4 0.3859375 0.14375 0.212890625 0.228515625
3 0.6234375 0.1328125 0.237890625 0.233203125
0 0.87578125 0.12890625 0.2484375 0.2578125
4 0.1203125 0.37578125 0.240625 0.2515625
2 0.3765625 0.390625 0.227734375 0.227734375
0 0.625 0.384375 0.258203125 0.268359375
2 0.87109375 0.39453125 0.23203125 0.23984375
3 0.12578125 0.6359375 0.2515625 0.25625
3 0.3796875 0.6296875 0.251171875 0.2484375
0 0.6296875 0.63671875 0.2203125 0.246875
3 0.871875 0.625 0.248046875 0.251171875
2 0.1125 0.88046875 0.219921875 0.2359375
0 0.37734375 0.87578125 0.2328125 0.2484375
5 0.6421875 0.88515625 0.240625 0.2296875
2 0.88046875 0.88046875 0.2328125 0.2390625