3 0.1265625 0.128125 0.221875 0.25625
3 0.378125 0.12109375 0.2109375 0.2375
3 0.87890625 0.11953125 0.2015625 0.2390625
3 0.1265625 0.63515625 0.164453125 0.22421875
2 0.61484375 0.125 0.15546875 0.237890625
2 0.121875 0.3765625 0.23046875 0.265625
2 0.621875 0.38203125 0.2140625 0.25234375
2 0.36875 0.86875 0.2375 0.2625
2 0.62109375 0.87421875 0.1984375 0.2515625
4 0.37265625 0.3765625 0.22734375 0.261328125
4 0.36484375 0.63125 0.17421875 0.239453125
5 0.86953125 0.3765625 0.24453125 0.258203125
0 0.63125 0.628125 0.180859375 0.225390625
0 0.884375 0.63046875 0.195703125 0.24375
4 0.875 0.878125 0.221875 0.24375