0 0.12109375 0.134375 0.2421875 0.246875
4 0.3859375 0.14375 0.228515625 0.242578125
3 0.6234375 0.1328125 0.241015625 0.236328125
0 0.87734375 0.12734375 0.2421875 0.2546875
4 0.11953125 0.37578125 0.2390625 0.2453125
2 0.3765625 0.390625 0.241015625 0.241015625
0 0.625 0.384375 0.263671875 0.273828125
2 0.87109375 0.39453125 0.21953125 0.228125
3 0.121875 0.63671875 0.241796875 0.234375
3 0.3796875 0.6296875 0.271484375 0.26953125
0 0.6296875 0.63671875 0.21875 0.2453125
3 0.871875 0.625 0.243359375 0.247265625
2 0.1125 0.88046875 0.219921875 0.2359375
0 0.37734375 0.87421875 0.2390625 0.2515625
5 0.6421875 0.88515625 0.240625 0.2296875
2 0.88046875 0.8828125 0.2203125 0.234375