3 0.1265625 0.12734375 0.215625 0.2546875
3 0.378125 0.12421875 0.234375 0.2484375
3 0.87890625 0.12265625 0.2140625 0.2453125
3 0.1265625 0.63515625 0.183984375 0.2375
2 0.61484375 0.125 0.14375 0.231640625
2 0.121875 0.3765625 0.1984375 0.2421875
2 0.621875 0.38203125 0.19140625 0.2359375
2 0.36875 0.86875 0.2375 0.2625
2 0.62109375 0.87421875 0.1984375 0.2515625
4 0.37265625 0.3765625 0.2046875 0.243359375
4 0.36484375 0.63125 0.1796875 0.242578125
5 0.86953125 0.3765625 0.23984375 0.254296875
0 0.63125 0.628125 0.208203125 0.245703125
0 0.884375 0.63046875 0.194140625 0.24296875
4 0.875 0.88125 0.20625 0.2375