3 0.09609375 0.12265625 0.1921875 0.2453125
4 0.2234375 0.1765625 0.071484375 0.1296875
5 0.375 0.12734375 0.222265625 0.246875
4 0.62109375 0.13125 0.22890625 0.238671875
2 0.871875 0.1296875 0.228515625 0.23515625
3 0.11875 0.378125 0.235546875 0.247265625
4 0.371875 0.378125 0.219921875 0.250390625
4 0.628125 0.3828125 0.194140625 0.234765625
2 0.86953125 0.37734375 0.2 0.2390625
5 0.11796875 0.634375 0.19375 0.226953125
4 0.36875 0.6328125 0.2546875 0.24375
2 0.6265625 0.63203125 0.225390625 0.240625
3 0.87109375 0.63203125 0.2203125 0.2515625
3 0.1140625 0.8796875 0.21875 0.240625
5 0.36953125 0.88046875 0.2140625 0.2390625
2 0.63125 0.88125 0.21875 0.2375
2 0.8703125 0.86953125 0.259375 0.2609375