5 0.12421875 0.128125 0.2140625 0.25625
5 0.6234375 0.878125 0.2 0.24375
4 0.375 0.13203125 0.244140625 0.2546875
4 0.625 0.13125 0.1890625 0.230078125
4 0.8796875 0.12890625 0.226953125 0.24921875
4 0.1421875 0.3734375 0.192578125 0.24921875
4 0.3875 0.384375 0.228515625 0.25234375
4 0.875 0.384375 0.233984375 0.2515625
4 0.1234375 0.88203125 0.190625 0.2359375
3 0.625 0.37734375 0.199609375 0.240625
3 0.3703125 0.62578125 0.228515625 0.2515625
0 0.86484375 0.87734375 0.2078125 0.2453125
2 0.1234375 0.6265625 0.244921875 0.248828125
2 0.6296875 0.62734375 0.240625 0.2625
2 0.875 0.634375 0.230859375 0.22890625
2 0.38046875 0.88046875 0.1984375 0.2390625