5 0.125 0.12734375 0.188671875 0.24140625
5 0.6234375 0.87578125 0.2125 0.2484375
4 0.375 0.13203125 0.254296875 0.26328125
4 0.625 0.13125 0.18515625 0.226953125
4 0.8796875 0.12890625 0.221484375 0.24453125
4 0.1421875 0.3734375 0.199609375 0.25390625
4 0.3875 0.384375 0.217578125 0.24375
4 0.875 0.384375 0.216015625 0.2359375
4 0.12421875 0.884375 0.171875 0.226171875
3 0.625 0.37734375 0.226953125 0.2609375
3 0.3703125 0.62578125 0.221484375 0.2453125
0 0.86484375 0.87734375 0.2078125 0.2453125
2 0.1234375 0.6265625 0.219140625 0.224609375
2 0.6296875 0.62734375 0.2296875 0.253125
2 0.875 0.634375 0.232421875 0.23046875
2 0.38046875 0.88359375 0.1859375 0.2328125