5 0.12578125 0.1296875 0.2015625 0.246484375
5 0.63046875 0.378125 0.209375 0.249609375
5 0.13125 0.6265625 0.23515625 0.264453125
2 0.36875 0.1265625 0.203515625 0.24375
2 0.621875 0.13828125 0.164453125 0.21484375
0 0.87265625 0.1296875 0.22421875 0.244921875
0 0.11796875 0.38203125 0.221875 0.25546875
0 0.37890625 0.3734375 0.22265625 0.259765625
0 0.8765625 0.375 0.227734375 0.260546875
0 0.11953125 0.87890625 0.2265625 0.2421875
0 0.62890625 0.88125 0.1921875 0.2375
2 0.628125 0.625 0.211328125 0.242578125
4 0.3796875 0.6296875 0.197265625 0.234375
3 0.88125 0.62109375 0.212890625 0.246875
3 0.38125 0.8828125 0.196875 0.234375
3 0.87890625 0.86796875 0.2203125 0.2640625