3 0.121875 0.1234375 0.216796875 0.246875
3 0.3796875 0.12421875 0.219140625 0.23046875
3 0.13203125 0.3765625 0.209375 0.250390625
3 0.37578125 0.3828125 0.19375 0.234375
3 0.63359375 0.8703125 0.2140625 0.259375
3 0.8734375 0.87421875 0.19375 0.2515625
5 0.6296875 0.12578125 0.209375 0.2515625
5 0.871875 0.1296875 0.2078125 0.237890625
5 0.61875 0.62734375 0.233984375 0.24375
4 0.6234375 0.37734375 0.211328125 0.23203125
4 0.1203125 0.8796875 0.203125 0.240625
0 0.8734375 0.3796875 0.141796875 0.218359375
2 0.1171875 0.628125 0.215625 0.25546875
2 0.375 0.625 0.230078125 0.23203125
0 0.8859375 0.634375 0.175390625 0.209375
2 0.36875 0.88203125 0.1875 0.2359375