4 0.1265625 0.1265625 0.253125 0.253125
3 0.3671875 0.1265625 0.23125 0.253125
3 0.63359375 0.125 0.2265625 0.25
3 0.88046875 0.13359375 0.2390625 0.2671875
2 0.14765625 0.38359375 0.24765625 0.2734375
5 0.3765625 0.3734375 0.246875 0.260546875
0 0.634375 0.3796875 0.213671875 0.227734375
0 0.871875 0.3859375 0.21484375 0.2328125
0 0.121875 0.6328125 0.225390625 0.238671875
3 0.36171875 0.6328125 0.234375 0.240234375
2 0.6328125 0.63671875 0.204296875 0.2234375
3 0.875 0.628125 0.236328125 0.239453125
4 0.12578125 0.8875 0.2015625 0.225
4 0.36328125 0.8859375 0.2234375 0.228125
2 0.62109375 0.87578125 0.2421875 0.2484375
0 0.87890625 0.87578125 0.2296875 0.2484375