3 0.121875 0.1234375 0.208984375 0.23984375
3 0.3796875 0.12421875 0.223046875 0.23359375
3 0.13203125 0.3765625 0.18671875 0.233203125
3 0.37578125 0.3828125 0.1921875 0.2328125
3 0.63359375 0.86875 0.2234375 0.2625
3 0.8734375 0.87421875 0.19375 0.2515625
5 0.6296875 0.12578125 0.209375 0.2515625
5 0.871875 0.1296875 0.1890625 0.223046875
5 0.61875 0.62734375 0.241015625 0.25078125
4 0.6234375 0.37734375 0.218359375 0.2375
4 0.12109375 0.878125 0.2109375 0.24375
0 0.8734375 0.3796875 0.150390625 0.222265625
2 0.1171875 0.628125 0.22109375 0.259375
2 0.375 0.625 0.244140625 0.24609375
0 0.8859375 0.634375 0.198046875 0.22734375
2 0.36796875 0.88515625 0.1703125 0.2296875