3 0.128125 0.13125 0.221875 0.2625
2 0.3828125 0.128125 0.185546875 0.249609375
2 0.62109375 0.1328125 0.18828125 0.22265625
0 0.8734375 0.1296875 0.244140625 0.252734375
0 0.1265625 0.3796875 0.232421875 0.241796875
0 0.3703125 0.3703125 0.205078125 0.230859375
3 0.628125 0.38125 0.26015625 0.257421875
4 0.8734375 0.378125 0.220703125 0.233984375
4 0.128125 0.6328125 0.2171875 0.215234375
0 0.378125 0.6296875 0.217578125 0.21484375
3 0.6203125 0.62890625 0.241015625 0.22265625
3 0.87109375 0.625 0.2578125 0.265625
0 0.12890625 0.878125 0.2484375 0.24375
2 0.375 0.87890625 0.217578125 0.23046875
0 0.63046875 0.88203125 0.2484375 0.2359375
4 0.8765625 0.87109375 0.246875 0.2578125