4 0.12265625 0.12578125 0.2453125 0.2515625
3 0.371875 0.12890625 0.215625 0.2453125
5 0.62734375 0.1234375 0.23671875 0.240625
4 0.86875 0.1328125 0.220703125 0.241796875
3 0.1265625 0.3671875 0.216015625 0.248828125
2 0.3796875 0.3828125 0.177734375 0.231640625
4 0.63203125 0.37734375 0.2296875 0.24765625
5 0.87734375 0.371875 0.20390625 0.240625
4 0.1234375 0.62265625 0.196875 0.23046875
0 0.375 0.6265625 0.191015625 0.237109375
4 0.6234375 0.6203125 0.210546875 0.238671875
5 0.8765625 0.63359375 0.230078125 0.22890625
3 0.12265625 0.87578125 0.2234375 0.2484375
3 0.37578125 0.8828125 0.2203125 0.234375
2 0.62890625 0.8828125 0.1859375 0.234375
3 0.8703125 0.8765625 0.193359375 0.223046875