4 0.1234375 0.12421875 0.236328125 0.246875
3 0.371875 0.12890625 0.190625 0.2265625
5 0.62734375 0.1234375 0.240625 0.24453125
4 0.86875 0.1328125 0.216015625 0.237890625
3 0.1265625 0.3671875 0.202734375 0.239453125
2 0.3796875 0.3828125 0.197265625 0.244921875
4 0.63203125 0.37734375 0.21015625 0.23125
5 0.87734375 0.371875 0.175 0.21953125
4 0.1234375 0.62265625 0.2015625 0.23515625
0 0.375 0.6265625 0.173828125 0.225390625
4 0.6234375 0.6203125 0.212109375 0.239453125
5 0.8765625 0.63359375 0.230078125 0.22890625
3 0.12265625 0.8796875 0.2015625 0.240625
3 0.37578125 0.884375 0.2140625 0.23125
2 0.62890625 0.88359375 0.1828125 0.2328125
3 0.8703125 0.8765625 0.198828125 0.227734375