5 0.12734375 0.13203125 0.225 0.25
2 0.3796875 0.1296875 0.205078125 0.242578125
2 0.62421875 0.1265625 0.2296875 0.253125
5 0.87734375 0.12578125 0.2296875 0.2515625
3 0.1234375 0.37421875 0.228125 0.26015625
3 0.3734375 0.378125 0.209765625 0.246484375
2 0.621875 0.3765625 0.210546875 0.241015625
2 0.8875 0.3796875 0.194921875 0.25703125
0 0.1234375 0.6359375 0.15 0.208984375
0 0.375 0.61875 0.192578125 0.25546875
0 0.62265625 0.634375 0.1734375 0.228125
0 0.87109375 0.6296875 0.184375 0.226171875
0 0.12421875 0.87421875 0.2203125 0.2515625
2 0.3625 0.8765625 0.1875 0.246875
4 0.6109375 0.884375 0.2 0.23125
3 0.871875 0.8734375 0.23125 0.253125