5 0.12734375 0.13203125 0.2046875 0.2328125
2 0.3796875 0.1296875 0.18984375 0.23046875
2 0.625 0.12578125 0.19921875 0.2328125
5 0.87734375 0.1234375 0.2140625 0.24296875
3 0.1234375 0.37421875 0.196875 0.2359375
3 0.3734375 0.378125 0.18984375 0.23046875
2 0.621875 0.3765625 0.20703125 0.23828125
2 0.8875 0.3796875 0.16796875 0.240625
0 0.1234375 0.6359375 0.146875 0.20703125
0 0.375 0.61875 0.18515625 0.25
0 0.62265625 0.634375 0.1734375 0.228125
0 0.87109375 0.6296875 0.1703125 0.21640625
0 0.125 0.88046875 0.1875 0.2390625
2 0.36328125 0.878125 0.1796875 0.24375
4 0.61171875 0.88828125 0.1828125 0.2234375
3 0.87265625 0.88046875 0.1984375 0.2390625