3 0.121875 0.1296875 0.2390625 0.255859375
5 0.3765625 0.125 0.20546875 0.244921875
5 0.621875 0.1359375 0.190625 0.224609375
5 0.88125 0.13359375 0.195703125 0.25
0 0.125 0.3828125 0.23828125 0.248046875
2 0.3734375 0.378125 0.210546875 0.262890625
3 0.621875 0.3890625 0.239453125 0.2421875
3 0.8796875 0.3828125 0.240625 0.259375
2 0.12421875 0.628125 0.2453125 0.247265625
3 0.3765625 0.61875 0.232421875 0.237109375
5 0.628125 0.6265625 0.234765625 0.250390625
0 0.88984375 0.61640625 0.2203125 0.2453125
4 0.12578125 0.87578125 0.2265625 0.2484375
0 0.36328125 0.88359375 0.1953125 0.2328125
3 0.6203125 0.871875 0.228125 0.25625
3 0.871875 0.88828125 0.240625 0.2234375