3 0.121875 0.1296875 0.23046875 0.248046875
5 0.37578125 0.125 0.2140625 0.25
5 0.621875 0.1359375 0.21953125 0.246484375
5 0.88125 0.13359375 0.190234375 0.246875
0 0.125 0.3828125 0.2296875 0.240234375
2 0.3734375 0.378125 0.205859375 0.260546875
3 0.621875 0.3890625 0.255078125 0.25703125
3 0.88203125 0.3828125 0.2234375 0.240625
2 0.12421875 0.628125 0.234375 0.236328125
3 0.3765625 0.61875 0.228515625 0.233203125
5 0.628125 0.6265625 0.234765625 0.250390625
0 0.8859375 0.6171875 0.228125 0.259375
4 0.12578125 0.8734375 0.2359375 0.253125
0 0.36328125 0.87890625 0.2140625 0.2421875
3 0.61953125 0.87578125 0.2046875 0.2484375
3 0.871875 0.88984375 0.234375 0.2203125