3 0.1234375 0.1265625 0.20703125 0.241015625
0 0.37265625 0.1296875 0.22109375 0.237890625
5 0.6359375 0.128125 0.149609375 0.233984375
0 0.871875 0.1296875 0.194921875 0.2421875
4 0.134375 0.3765625 0.188671875 0.243359375
3 0.36484375 0.38125 0.23671875 0.238671875
0 0.625 0.3765625 0.24921875 0.269921875
0 0.871875 0.37421875 0.2046875 0.2421875
3 0.1171875 0.6265625 0.210546875 0.244921875
5 0.3640625 0.62265625 0.207421875 0.24375
4 0.62109375 0.62734375 0.2421875 0.253125
0 0.87578125 0.63125 0.2328125 0.250390625
5 0.11875 0.875 0.18125 0.25
3 0.37265625 0.88125 0.2453125 0.2375
0 0.63203125 0.87265625 0.1984375 0.2546875
0 0.8703125 0.87421875 0.221875 0.2515625