2 0.11875 0.13203125 0.229296875 0.2359375
0 0.36328125 0.13046875 0.1984375 0.2609375
3 0.6203125 0.12734375 0.229296875 0.2484375
2 0.865625 0.13359375 0.221484375 0.25078125
2 0.125 0.3703125 0.236328125 0.262109375
0 0.3734375 0.38125 0.198046875 0.2328125
0 0.6296875 0.38125 0.220703125 0.233984375
4 0.86796875 0.384375 0.2640625 0.25
5 0.12734375 0.63359375 0.2546875 0.2703125
0 0.37109375 0.634375 0.2390625 0.237109375
4 0.6296875 0.6375 0.211328125 0.233984375
4 0.871875 0.640625 0.2265625 0.202734375
4 0.1296875 0.88125 0.209375 0.2375
3 0.36953125 0.88125 0.2359375 0.2375
3 0.63984375 0.878125 0.2546875 0.24375
0 0.87421875 0.875 0.2078125 0.25