3 0.1109375 0.1234375 0.221875 0.246875
4 0.37890625 0.13203125 0.2515625 0.2640625
3 0.621875 0.12421875 0.23125 0.2484375
4 0.88203125 0.12734375 0.2359375 0.2484375
2 0.115625 0.3796875 0.23125 0.246875
0 0.3796875 0.38828125 0.228125 0.2328125
3 0.6234375 0.38203125 0.246484375 0.25859375
3 0.8765625 0.37734375 0.206640625 0.2734375
0 0.1203125 0.62265625 0.240625 0.2640625
4 0.3734375 0.625 0.228515625 0.238671875
4 0.62265625 0.62421875 0.2390625 0.2125
4 0.87109375 0.634375 0.209375 0.216796875
3 0.121875 0.87890625 0.24375 0.2421875
3 0.3640625 0.8828125 0.20625 0.234375
3 0.62578125 0.89140625 0.2484375 0.2171875
0 0.884375 0.8875 0.23125 0.225