5 0.1375 0.13359375 0.214453125 0.2390625
3 0.378125 0.1265625 0.23125 0.253125
5 0.621875 0.11640625 0.215234375 0.225
0 0.8921875 0.1265625 0.15390625 0.230078125
4 0.12578125 0.38125 0.21796875 0.2421875
5 0.3703125 0.3828125 0.169921875 0.222265625
4 0.621875 0.375 0.188671875 0.24609375
2 0.871875 0.3765625 0.223046875 0.256640625
4 0.12421875 0.625 0.20625 0.240234375
2 0.36875 0.6265625 0.137109375 0.221875
0 0.62265625 0.621875 0.2109375 0.238671875
3 0.8703125 0.63515625 0.183984375 0.2328125
2 0.12890625 0.87421875 0.1984375 0.2515625
5 0.38046875 0.8828125 0.1859375 0.234375
4 0.6359375 0.8796875 0.172265625 0.228515625
0 0.8765625 0.878125 0.203125 0.24375