4 0.12421875 0.12265625 0.2484375 0.2453125
4 0.36953125 0.125 0.2171875 0.25
2 0.6234375 0.115625 0.228125 0.23125
3 0.87265625 0.125 0.2453125 0.25
4 0.11328125 0.3765625 0.21953125 0.2640625
0 0.3765625 0.3796875 0.249609375 0.265234375
4 0.625 0.37421875 0.2359375 0.23984375
3 0.8703125 0.37421875 0.259375 0.2640625
3 0.1265625 0.634375 0.233203125 0.25546875
3 0.8734375 0.6296875 0.226953125 0.22421875
3 0.1234375 0.8609375 0.226953125 0.236328125
3 0.36640625 0.8796875 0.2015625 0.240625
2 0.3734375 0.62578125 0.252734375 0.24609375
0 0.625 0.6296875 0.219140625 0.219140625
0 0.62265625 0.88125 0.2078125 0.209765625
4 0.87265625 0.8640625 0.234375 0.24609375