3 0.12109375 0.140625 0.23359375 0.252734375
3 0.3734375 0.13359375 0.233984375 0.2546875
4 0.6234375 0.1234375 0.23515625 0.232421875
2 0.88671875 0.12109375 0.190625 0.23828125
0 0.12578125 0.37734375 0.2515625 0.2453125
4 0.37734375 0.3796875 0.23046875 0.252734375
4 0.61875 0.378125 0.205078125 0.240234375
4 0.86875 0.3734375 0.23125 0.241796875
4 0.12734375 0.625 0.24375 0.260546875
4 0.3796875 0.61875 0.237109375 0.237109375
3 0.6359375 0.62421875 0.199609375 0.21875
4 0.86875 0.63125 0.230078125 0.251171875
2 0.12109375 0.875 0.2234375 0.25
3 0.3625 0.87890625 0.19375 0.2421875
5 0.63046875 0.88203125 0.2328125 0.2359375
0 0.87265625 0.87890625 0.1984375 0.2421875