0 0.12265625 0.125 0.2109375 0.25
5 0.36875 0.134375 0.21015625 0.234765625
0 0.625 0.1328125 0.218359375 0.237109375
3 0.8703125 0.1328125 0.169921875 0.220703125
3 0.11796875 0.3734375 0.209375 0.236328125
0 0.37734375 0.3859375 0.21328125 0.229296875
3 0.63125 0.384375 0.183984375 0.208984375
5 0.88203125 0.3859375 0.20390625 0.241796875
2 0.11875 0.6234375 0.1890625 0.226953125
4 0.3765625 0.63046875 0.205078125 0.24765625
5 0.6296875 0.6234375 0.1859375 0.244140625
2 0.8796875 0.625 0.231640625 0.244140625
3 0.134375 0.875 0.203125 0.25
0 0.37734375 0.88359375 0.1859375 0.2328125
0 0.625 0.88203125 0.209375 0.2359375
3 0.86796875 0.86953125 0.2109375 0.2609375