0 0.12578125 0.128125 0.2515625 0.25625
3 0.3703125 0.11953125 0.195703125 0.2171875
4 0.6203125 0.13046875 0.234375 0.24609375
5 0.87421875 0.1359375 0.2296875 0.223046875
4 0.12265625 0.378125 0.23828125 0.236328125
2 0.3734375 0.384375 0.23828125 0.246875
5 0.63515625 0.3890625 0.2375 0.258203125
5 0.8765625 0.38125 0.197265625 0.219140625
0 0.1328125 0.6359375 0.246484375 0.254296875
3 0.3890625 0.6375 0.23046875 0.236328125
3 0.62109375 0.640625 0.19140625 0.22578125
0 0.87734375 0.634375 0.234375 0.2296875
5 0.11796875 0.87890625 0.2171875 0.2421875
3 0.3765625 0.88359375 0.2125 0.2328125
3 0.63125 0.878125 0.225 0.24375
5 0.87578125 0.88203125 0.2453125 0.2359375