4 0.13046875 0.12265625 0.1921875 0.2453125
4 0.36796875 0.11953125 0.2296875 0.2390625
4 0.6265625 0.1328125 0.197265625 0.221875
2 0.878125 0.125 0.218359375 0.237890625
2 0.125 0.38515625 0.220703125 0.2453125
2 0.3703125 0.38203125 0.203515625 0.240625
3 0.6265625 0.37890625 0.205859375 0.225
4 0.8828125 0.37421875 0.209765625 0.2515625
0 0.1296875 0.62265625 0.19140625 0.2359375
3 0.3734375 0.62578125 0.175390625 0.2359375
3 0.625 0.6265625 0.209765625 0.238671875
4 0.875 0.62578125 0.241015625 0.25859375
0 0.12265625 0.87734375 0.2109375 0.2453125
4 0.3765625 0.87109375 0.234375 0.2578125
3 0.62734375 0.87578125 0.2171875 0.2484375
4 0.87578125 0.87109375 0.21015625 0.228125