0 0.12890625 0.13046875 0.2578125 0.2609375
3 0.3703125 0.11953125 0.201171875 0.221875
4 0.6203125 0.13046875 0.23828125 0.25
5 0.87421875 0.1359375 0.21875 0.211328125
4 0.12265625 0.378125 0.23828125 0.236328125
2 0.3734375 0.384375 0.22421875 0.23359375
5 0.63515625 0.3890625 0.21015625 0.235546875
5 0.8765625 0.38125 0.212890625 0.232421875
0 0.1328125 0.6359375 0.236328125 0.244921875
3 0.3890625 0.6375 0.22578125 0.232421875
3 0.62109375 0.640625 0.19296875 0.22734375
0 0.87578125 0.63359375 0.2484375 0.2453125
5 0.11796875 0.87890625 0.2171875 0.2421875
3 0.37734375 0.88359375 0.2109375 0.2328125
3 0.63125 0.88203125 0.20625 0.2359375
5 0.87578125 0.88125 0.2484375 0.2375