0 0.1171875 0.1296875 0.2046875 0.235546875
2 0.371875 0.1265625 0.198828125 0.2359375
0 0.6234375 0.13125 0.210546875 0.2359375
4 0.88046875 0.13046875 0.1890625 0.22578125
2 0.1296875 0.37265625 0.215234375 0.259375
2 0.3765625 0.3765625 0.224609375 0.255078125
0 0.62109375 0.37734375 0.20390625 0.23984375
4 0.878125 0.3765625 0.202734375 0.235546875
3 0.121875 0.628125 0.2109375 0.248828125
3 0.3796875 0.62890625 0.22421875 0.24140625
5 0.61953125 0.6265625 0.19765625 0.230078125
0 0.8765625 0.6265625 0.180859375 0.234765625
4 0.125 0.8796875 0.221484375 0.236328125
2 0.37265625 0.87734375 0.1890625 0.2453125
0 0.61953125 0.86875 0.2484375 0.2625
0 0.86953125 0.88125 0.1890625 0.2375