4 0.12421875 0.13125 0.23046875 0.246484375
3 0.3734375 0.13125 0.19453125 0.231640625
0 0.625 0.1421875 0.2046875 0.230078125
2 0.85859375 0.128125 0.2234375 0.225390625
2 0.12734375 0.37890625 0.21953125 0.2484375
2 0.36875 0.378125 0.228515625 0.22578125
3 0.62109375 0.3875 0.20859375 0.23125
0 0.86640625 0.37109375 0.2046875 0.1953125
3 0.125 0.63125 0.23359375 0.227734375
3 0.3765625 0.6359375 0.236328125 0.232421875
3 0.87421875 0.87890625 0.2390625 0.2421875
2 0.625 0.634375 0.233984375 0.241796875
5 0.87734375 0.63984375 0.24296875 0.25859375
4 0.1265625 0.88203125 0.253125 0.2359375
5 0.37578125 0.87890625 0.2015625 0.2421875
2 0.6234375 0.88359375 0.225 0.2328125