4 0.12421875 0.13125 0.20703125 0.226171875
3 0.3734375 0.13125 0.196875 0.232421875
0 0.625 0.1421875 0.19296875 0.220703125
2 0.85859375 0.128125 0.21953125 0.220703125
2 0.12734375 0.37890625 0.23203125 0.2578125
2 0.36875 0.378125 0.235546875 0.2328125
3 0.62109375 0.3875 0.22421875 0.2453125
0 0.86640625 0.37109375 0.21640625 0.2078125
3 0.125 0.63125 0.22578125 0.219140625
3 0.3765625 0.6359375 0.230859375 0.226953125
3 0.875 0.88125 0.22578125 0.232421875
2 0.625 0.634375 0.224609375 0.233203125
5 0.87734375 0.63984375 0.24140625 0.25703125
4 0.12578125 0.88359375 0.2515625 0.2328125
5 0.3765625 0.8734375 0.23125 0.253125
2 0.62421875 0.88203125 0.2328125 0.2359375