2 0.1328125 0.125 0.20078125 0.233984375
3 0.3796875 0.13203125 0.208203125 0.215625
0 0.60546875 0.13828125 0.17421875 0.23125
4 0.87578125 0.1296875 0.22421875 0.255078125
5 0.121875 0.3765625 0.205078125 0.232421875
5 0.36875 0.37734375 0.2328125 0.2375
4 0.625 0.3765625 0.201171875 0.231640625
2 0.87265625 0.3765625 0.203125 0.232421875
2 0.12734375 0.6234375 0.18828125 0.24453125
0 0.371875 0.6234375 0.2078125 0.243359375
5 0.6265625 0.63125 0.22109375 0.245703125
0 0.87265625 0.63125 0.228125 0.248046875
3 0.12890625 0.88359375 0.1578125 0.2328125
4 0.365625 0.88359375 0.198046875 0.21640625
0 0.62421875 0.88203125 0.1984375 0.2359375
2 0.87578125 0.875 0.2015625 0.25