3 0.1140625 0.128125 0.18671875 0.228515625
4 0.3734375 0.1265625 0.214453125 0.240625
0 0.6234375 0.1375 0.20234375 0.230859375
3 0.88046875 0.13125 0.22265625 0.2515625
5 0.13203125 0.3796875 0.20859375 0.244140625
3 0.3640625 0.38125 0.194921875 0.2421875
4 0.6203125 0.3796875 0.224609375 0.251171875
4 0.87734375 0.37734375 0.2265625 0.25390625
5 0.1234375 0.6234375 0.21875 0.243359375
4 0.3609375 0.6203125 0.20859375 0.258203125
2 0.628125 0.6375 0.248046875 0.23671875
5 0.8796875 0.6265625 0.208984375 0.233203125
5 0.115625 0.88203125 0.2 0.2359375
5 0.36953125 0.8703125 0.2359375 0.259375
4 0.61796875 0.88515625 0.2015625 0.2296875
2 0.87734375 0.8734375 0.2046875 0.253125