4 0.1203125 0.13203125 0.240625 0.2640625
4 0.38125 0.12109375 0.221875 0.2265625
0 0.62265625 0.1328125 0.2328125 0.230859375
5 0.871875 0.13515625 0.245703125 0.25546875
5 0.121875 0.3828125 0.22265625 0.250390625
3 0.36640625 0.3828125 0.22578125 0.26015625
5 0.628125 0.375 0.252734375 0.252734375
2 0.89453125 0.37265625 0.2109375 0.2265625
3 0.1328125 0.63203125 0.239453125 0.24921875
0 0.37265625 0.6375 0.2296875 0.249609375
0 0.61875 0.615625 0.217578125 0.240234375
2 0.8796875 0.62890625 0.215625 0.21953125
3 0.12421875 0.87109375 0.2421875 0.2578125
3 0.36953125 0.87734375 0.2296875 0.2453125
3 0.625 0.87421875 0.203125 0.2515625
0 0.88359375 0.88984375 0.2171875 0.2203125