4 0.1296875 0.13125 0.2125 0.230078125
4 0.37578125 0.1265625 0.2234375 0.253125
4 0.62421875 0.13046875 0.2234375 0.2609375
0 0.878125 0.1328125 0.2296875 0.2375
4 0.125 0.37265625 0.212890625 0.26171875
2 0.375 0.375 0.225390625 0.241015625
0 0.6296875 0.37890625 0.1859375 0.24140625
3 0.8703125 0.375 0.24296875 0.266015625
4 0.12109375 0.62890625 0.18125 0.23828125
4 0.371875 0.6328125 0.227734375 0.241015625
0 0.62265625 0.6328125 0.215625 0.237890625
5 0.8734375 0.634375 0.212890625 0.24609375
2 0.1234375 0.87265625 0.221875 0.2546875
3 0.365625 0.875 0.21875 0.249609375
3 0.62578125 0.87578125 0.2234375 0.2484375
3 0.875 0.87421875 0.209375 0.2515625