2 0.12421875 0.1265625 0.2359375 0.253125
5 0.3765625 0.1359375 0.228515625 0.256640625
0 0.628125 0.11796875 0.223828125 0.2359375
4 0.8765625 0.1296875 0.230078125 0.243359375
3 0.12578125 0.37734375 0.2140625 0.234375
0 0.36484375 0.38125 0.20625 0.2140625
5 0.6296875 0.39453125 0.230078125 0.22109375
4 0.884375 0.38671875 0.225 0.2578125
3 0.1265625 0.63203125 0.248828125 0.22265625
5 0.3953125 0.6484375 0.2203125 0.23125
4 0.6234375 0.6296875 0.221484375 0.206640625
0 0.86640625 0.61953125 0.25625 0.23984375
0 0.1265625 0.88828125 0.2125 0.2234375
3 0.37890625 0.8734375 0.2546875 0.253125
4 0.62109375 0.87578125 0.2609375 0.2484375
0 0.86875 0.8765625 0.221875 0.246875