2 0.12421875 0.1296875 0.2484375 0.259375
5 0.3765625 0.1359375 0.223828125 0.251953125
0 0.628125 0.11796875 0.201171875 0.215625
4 0.8765625 0.1296875 0.225390625 0.238671875
3 0.12578125 0.37734375 0.221875 0.24140625
0 0.36484375 0.38125 0.22734375 0.23359375
5 0.6296875 0.39453125 0.223046875 0.21328125
4 0.884375 0.38671875 0.2046875 0.2421875
3 0.1265625 0.63203125 0.248828125 0.22265625
5 0.3953125 0.6484375 0.1984375 0.2109375
4 0.6234375 0.6296875 0.208203125 0.191796875
0 0.86640625 0.61953125 0.24765625 0.23046875
0 0.1265625 0.8890625 0.2125 0.221875
3 0.378125 0.87265625 0.25625 0.2546875
4 0.621875 0.884375 0.228125 0.230859375
0 0.86875 0.87421875 0.2375 0.2515625