5 0.13359375 0.12421875 0.2453125 0.2484375
0 0.3796875 0.128125 0.197265625 0.222265625
0 0.625 0.1296875 0.234765625 0.23203125
5 0.8796875 0.1234375 0.208984375 0.234375
2 0.13046875 0.38203125 0.18828125 0.24296875
5 0.37734375 0.3828125 0.21484375 0.243359375
5 0.6359375 0.37421875 0.236328125 0.246875
4 0.875 0.3796875 0.205859375 0.24921875
3 0.1171875 0.62265625 0.217578125 0.2546875
2 0.3734375 0.634375 0.156640625 0.208984375
4 0.6234375 0.621875 0.21171875 0.243359375
2 0.88203125 0.61875 0.184375 0.239453125
2 0.12578125 0.8796875 0.1953125 0.240625
4 0.37734375 0.88984375 0.1515625 0.2203125
4 0.6234375 0.87109375 0.25 0.2578125
5 0.8609375 0.87890625 0.19375 0.2421875