5 0.13359375 0.12421875 0.2453125 0.2484375
0 0.3796875 0.128125 0.220703125 0.241796875
0 0.625 0.1296875 0.254296875 0.25234375
5 0.8796875 0.1234375 0.193359375 0.221875
2 0.13046875 0.38203125 0.18125 0.23828125
5 0.37734375 0.3828125 0.21328125 0.242578125
5 0.6359375 0.37421875 0.236328125 0.246875
4 0.875 0.3796875 0.201171875 0.246875
3 0.1171875 0.62265625 0.216015625 0.253125
2 0.3734375 0.634375 0.165234375 0.214453125
4 0.6234375 0.621875 0.20625 0.238671875
2 0.88203125 0.61875 0.21640625 0.260546875
2 0.1265625 0.88046875 0.188671875 0.2359375
4 0.37734375 0.88984375 0.1515625 0.2203125
4 0.6234375 0.871875 0.246875 0.25625
5 0.8609375 0.878125 0.19375 0.24375