0 0.140625 0.1390625 0.219140625 0.23125
5 0.371875 0.1390625 0.237109375 0.224609375
0 0.6296875 0.1359375 0.19375 0.212890625
5 0.88203125 0.13125 0.22265625 0.224609375
4 0.1171875 0.3734375 0.215234375 0.23125
0 0.359375 0.378125 0.221484375 0.21875
2 0.62578125 0.3890625 0.209375 0.23125
5 0.88125 0.37109375 0.213671875 0.20625
3 0.12421875 0.62890625 0.209375 0.2390625
2 0.36875 0.62734375 0.214453125 0.21328125
3 0.61796875 0.6296875 0.22421875 0.248046875
3 0.87109375 0.6375 0.1984375 0.23125
5 0.11953125 0.8875 0.1953125 0.225
2 0.36953125 0.8796875 0.2328125 0.240625
5 0.63515625 0.871875 0.2546875 0.25625
0 0.87578125 0.87265625 0.1953125 0.2546875