3 0.115625 0.12734375 0.184765625 0.23984375
4 0.371875 0.12734375 0.217578125 0.228125
2 0.6265625 0.1265625 0.226171875 0.248046875
2 0.8796875 0.134375 0.187890625 0.226953125
2 0.1234375 0.38515625 0.20390625 0.2296875
3 0.37578125 0.37109375 0.2296875 0.2671875
4 0.625 0.384375 0.2328125 0.239453125
0 0.87109375 0.38203125 0.2109375 0.253125
4 0.12109375 0.6203125 0.1703125 0.216015625
4 0.37421875 0.6234375 0.221875 0.2546875
3 0.6203125 0.6359375 0.222265625 0.222265625
4 0.86796875 0.63125 0.19921875 0.231640625
0 0.13125 0.87890625 0.184375 0.2421875
0 0.3734375 0.88125 0.215625 0.2375
4 0.6203125 0.88203125 0.209375 0.2359375
2 0.88359375 0.8828125 0.2109375 0.234375