0 0.140625 0.1390625 0.202734375 0.2171875
5 0.371875 0.1390625 0.248828125 0.237109375
0 0.6296875 0.1359375 0.2109375 0.226953125
5 0.88125 0.13046875 0.2375 0.2390625
4 0.1171875 0.3734375 0.200390625 0.21875
0 0.359375 0.378125 0.226953125 0.22421875
2 0.62578125 0.3890625 0.19140625 0.21640625
5 0.88125 0.37109375 0.213671875 0.20625
3 0.12421875 0.62890625 0.2296875 0.25546875
2 0.36875 0.62734375 0.216015625 0.21484375
3 0.61796875 0.6296875 0.23359375 0.255078125
3 0.87109375 0.6375 0.2 0.2328125
5 0.11875 0.8875 0.19375 0.225
2 0.36953125 0.88046875 0.2296875 0.2390625
5 0.63515625 0.87421875 0.2421875 0.2515625
0 0.87578125 0.8734375 0.1890625 0.253125