2 0.13125 0.13125 0.209765625 0.24921875
3 0.38046875 0.1296875 0.2328125 0.259375
0 0.6234375 0.1390625 0.197265625 0.222265625
2 0.87265625 0.13203125 0.20625 0.21484375
5 0.13203125 0.375 0.19453125 0.246484375
2 0.37734375 0.378125 0.19453125 0.24921875
0 0.6203125 0.38515625 0.195703125 0.225
0 0.8734375 0.38125 0.202734375 0.22890625
4 0.11875 0.6234375 0.19296875 0.2328125
3 0.378125 0.6234375 0.197265625 0.234375
3 0.6203125 0.6328125 0.212109375 0.240625
4 0.878125 0.61875 0.24140625 0.26640625
0 0.121875 0.8890625 0.1875 0.221875
0 0.36328125 0.88046875 0.1984375 0.2390625
0 0.62421875 0.8796875 0.1828125 0.240625
2 0.8734375 0.87421875 0.228125 0.2515625