2 0.13125 0.13125 0.212890625 0.25078125
3 0.38125 0.1265625 0.215234375 0.253125
0 0.6234375 0.1390625 0.198828125 0.223828125
2 0.87265625 0.13203125 0.209375 0.21796875
5 0.13203125 0.375 0.1984375 0.248828125
2 0.37734375 0.378125 0.184375 0.2421875
0 0.6203125 0.38515625 0.199609375 0.228125
0 0.8734375 0.38125 0.207421875 0.23359375
4 0.11875 0.6234375 0.196875 0.23515625
3 0.378125 0.6234375 0.199609375 0.2359375
3 0.6203125 0.6328125 0.186328125 0.2203125
4 0.878125 0.61875 0.23984375 0.265625
0 0.121875 0.88984375 0.184375 0.2203125
0 0.36328125 0.88515625 0.1734375 0.2296875
0 0.62421875 0.8796875 0.1796875 0.240625
2 0.87421875 0.878125 0.2046875 0.24375