3 0.1234375 0.12421875 0.246875 0.2484375
2 0.3671875 0.12734375 0.21328125 0.2359375
5 0.6234375 0.1265625 0.22421875 0.24140625
0 0.86875 0.13125 0.2625 0.2625
3 0.128125 0.38125 0.221875 0.246484375
2 0.371875 0.3828125 0.23046875 0.249609375
0 0.621875 0.3796875 0.23515625 0.253515625
3 0.87265625 0.3859375 0.20625 0.216796875
3 0.1390625 0.6296875 0.1921875 0.216796875
3 0.375 0.62109375 0.215234375 0.221875
3 0.63203125 0.6359375 0.16796875 0.231640625
4 0.884375 0.62421875 0.201953125 0.24453125
4 0.13125 0.8703125 0.2078125 0.247265625
0 0.37265625 0.88828125 0.1765625 0.2234375
2 0.61953125 0.8765625 0.2359375 0.246875
2 0.8609375 0.8796875 0.151171875 0.231640625