5 0.1234375 0.13671875 0.246875 0.2609375
3 0.3703125 0.121875 0.210546875 0.228515625
5 0.63125 0.13671875 0.192578125 0.21875
4 0.8703125 0.125 0.230859375 0.233984375
3 0.11875 0.3734375 0.22578125 0.24296875
5 0.3734375 0.38984375 0.222265625 0.2203125
0 0.60546875 0.384375 0.2328125 0.24453125
2 0.8703125 0.37890625 0.259375 0.2734375
0 0.134375 0.63515625 0.199609375 0.240625
2 0.365625 0.621875 0.225390625 0.269921875
3 0.6203125 0.625 0.202734375 0.2265625
4 0.86875 0.6296875 0.199609375 0.246484375
3 0.13515625 0.8796875 0.2046875 0.240625
2 0.3734375 0.871875 0.2375 0.25625
3 0.63984375 0.87265625 0.2359375 0.2546875
2 0.88125 0.87890625 0.215625 0.2421875