3 0.1234375 0.1234375 0.226953125 0.230859375
2 0.3671875 0.12734375 0.22890625 0.25
5 0.6234375 0.1265625 0.2375 0.253125
0 0.87109375 0.128125 0.2578125 0.25625
3 0.128125 0.38125 0.21484375 0.240234375
2 0.371875 0.3828125 0.22734375 0.247265625
0 0.621875 0.3796875 0.22890625 0.248046875
3 0.87265625 0.3859375 0.21015625 0.219921875
3 0.1390625 0.6296875 0.21640625 0.236328125
3 0.375 0.62109375 0.233984375 0.240625
3 0.63203125 0.6359375 0.16953125 0.232421875
4 0.884375 0.62421875 0.224609375 0.2609375
4 0.13125 0.8703125 0.19765625 0.240234375
0 0.371875 0.8828125 0.20625 0.234375
2 0.61953125 0.8765625 0.2359375 0.246875
2 0.8609375 0.8796875 0.153515625 0.233203125