5 0.11640625 0.13125 0.1828125 0.25703125
5 0.6265625 0.384375 0.218359375 0.237109375
5 0.6265625 0.62578125 0.225390625 0.26796875
5 0.378125 0.875 0.2 0.25
4 0.3765625 0.1265625 0.203125 0.253125
4 0.1203125 0.3765625 0.20859375 0.226953125
4 0.37734375 0.3703125 0.20703125 0.258984375
4 0.11875 0.8796875 0.192578125 0.237890625
4 0.86953125 0.8796875 0.2359375 0.240625
2 0.6203125 0.13125 0.219921875 0.246484375
2 0.86796875 0.1234375 0.2109375 0.246875
2 0.8703125 0.378125 0.21796875 0.245703125
2 0.1265625 0.6234375 0.220703125 0.251953125
2 0.378125 0.63046875 0.226171875 0.23671875
4 0.8796875 0.6265625 0.16171875 0.229296875
4 0.63125 0.88203125 0.153515625 0.2359375