5 0.11640625 0.13125 0.153125 0.24140625
5 0.6265625 0.384375 0.211328125 0.230859375
5 0.6265625 0.62578125 0.209765625 0.25703125
5 0.37734375 0.87890625 0.1703125 0.2421875
4 0.37734375 0.125 0.17578125 0.241796875
4 0.1203125 0.3765625 0.20703125 0.225390625
4 0.37734375 0.3703125 0.18515625 0.245703125
4 0.11875 0.8796875 0.175390625 0.226953125
4 0.86953125 0.88125 0.2265625 0.2375
2 0.6203125 0.13125 0.218359375 0.244921875
2 0.86796875 0.1234375 0.2078125 0.246875
2 0.8703125 0.378125 0.19296875 0.226171875
2 0.1265625 0.6234375 0.217578125 0.249609375
2 0.378125 0.63046875 0.230859375 0.24140625
4 0.8796875 0.6265625 0.159375 0.227734375
4 0.63046875 0.8796875 0.1640625 0.240625