5 0.13203125 0.13203125 0.21875 0.2390625
5 0.1265625 0.38046875 0.174609375 0.240625
5 0.634375 0.3734375 0.1890625 0.213671875
5 0.1203125 0.6296875 0.208203125 0.23984375
5 0.8734375 0.6328125 0.220703125 0.2515625
5 0.13125 0.8859375 0.2 0.228125
2 0.37890625 0.13203125 0.21484375 0.23359375
2 0.62734375 0.13203125 0.20546875 0.240625
2 0.36796875 0.37890625 0.1703125 0.2328125
2 0.621875 0.621875 0.2015625 0.237109375
2 0.371875 0.87578125 0.215625 0.2484375
3 0.8765625 0.13125 0.218359375 0.24765625
5 0.8828125 0.38046875 0.19296875 0.246875
4 0.36015625 0.6328125 0.171875 0.23984375
0 0.6296875 0.8796875 0.201953125 0.21953125
2 0.8734375 0.87578125 0.18125 0.2484375