5 0.13203125 0.13203125 0.203125 0.225
5 0.1265625 0.38046875 0.184765625 0.246875
5 0.634375 0.3734375 0.190625 0.215234375
5 0.1203125 0.6296875 0.191015625 0.22734375
5 0.8734375 0.6328125 0.199609375 0.2359375
5 0.13125 0.88359375 0.215625 0.2328125
2 0.37890625 0.13203125 0.22109375 0.2390625
2 0.62734375 0.13203125 0.20078125 0.2375
2 0.36796875 0.37890625 0.1796875 0.2390625
2 0.621875 0.621875 0.20859375 0.241796875
2 0.371875 0.8765625 0.2125 0.246875
3 0.8765625 0.13125 0.223046875 0.25078125
5 0.8828125 0.38046875 0.21015625 0.25703125
4 0.36015625 0.6328125 0.15859375 0.2328125
0 0.6296875 0.8796875 0.193359375 0.2125
2 0.87265625 0.87734375 0.1671875 0.2453125