5 0.1296875 0.121875 0.2109375 0.233984375
0 0.37734375 0.12578125 0.2484375 0.2515625
4 0.628125 0.134375 0.24609375 0.240234375
0 0.8765625 0.12890625 0.176953125 0.20546875
0 0.13515625 0.3890625 0.1796875 0.247265625
5 0.3703125 0.3765625 0.245703125 0.25546875
3 0.63125 0.36484375 0.239453125 0.24609375
4 0.88046875 0.37734375 0.2203125 0.2171875
3 0.13125 0.6328125 0.197265625 0.22890625
5 0.37265625 0.6203125 0.2078125 0.2125
0 0.63046875 0.6328125 0.2125 0.240234375
0 0.8703125 0.6359375 0.201171875 0.237890625
5 0.13671875 0.8765625 0.1921875 0.237890625
5 0.36953125 0.871875 0.2296875 0.249609375
4 0.62734375 0.8875 0.2046875 0.225
0 0.8796875 0.88671875 0.240625 0.2265625