5 0.1296875 0.121875 0.20390625 0.227734375
0 0.378125 0.1234375 0.225390625 0.23671875
4 0.628125 0.134375 0.24453125 0.238671875
0 0.8765625 0.12890625 0.190234375 0.21640625
0 0.13515625 0.3890625 0.19296875 0.255859375
5 0.3703125 0.3765625 0.244140625 0.25390625
3 0.63125 0.36484375 0.224609375 0.23203125
4 0.88046875 0.37734375 0.22890625 0.2265625
3 0.13125 0.6328125 0.200390625 0.23125
5 0.37265625 0.6203125 0.23359375 0.2375
0 0.63046875 0.6328125 0.21796875 0.244921875
0 0.8703125 0.6359375 0.198046875 0.234765625
5 0.13671875 0.87578125 0.2046875 0.2484375
5 0.36953125 0.871875 0.228125 0.248046875
4 0.62734375 0.88671875 0.2078125 0.2265625
0 0.88125 0.88828125 0.2375 0.2234375