0 0.134375 0.1296875 0.201171875 0.230078125
0 0.8734375 0.63203125 0.208203125 0.225
0 0.128125 0.8796875 0.208203125 0.229296875
3 0.378125 0.134375 0.215234375 0.241796875
3 0.63125 0.1359375 0.207421875 0.234765625
3 0.628125 0.8796875 0.196875 0.240625
5 0.8703125 0.11484375 0.153515625 0.1859375
5 0.87421875 0.8828125 0.1953125 0.234375
4 0.13125 0.3828125 0.199609375 0.230859375
4 0.37890625 0.3828125 0.2125 0.237109375
4 0.86953125 0.375 0.23046875 0.252734375
4 0.12578125 0.62890625 0.2515625 0.2515625
2 0.6265625 0.37890625 0.212890625 0.2453125
2 0.3703125 0.63203125 0.212109375 0.2375
2 0.634375 0.63125 0.204296875 0.23671875
2 0.38046875 0.87890625 0.2109375 0.2421875