0 0.134375 0.1296875 0.205859375 0.234765625
0 0.8734375 0.63203125 0.237890625 0.2515625
0 0.12734375 0.878125 0.2265625 0.24375
3 0.378125 0.134375 0.195703125 0.226171875
3 0.63125 0.1359375 0.187890625 0.219140625
3 0.628125 0.87890625 0.2 0.2421875
5 0.8703125 0.11484375 0.161328125 0.1921875
5 0.87421875 0.8828125 0.1953125 0.234375
4 0.13125 0.3828125 0.194921875 0.226953125
4 0.37890625 0.3828125 0.23359375 0.255078125
4 0.86953125 0.375 0.23359375 0.255078125
4 0.125 0.6296875 0.236328125 0.232421875
2 0.6265625 0.37890625 0.187890625 0.2265625
2 0.3703125 0.63203125 0.214453125 0.2390625
2 0.634375 0.63125 0.199609375 0.23359375
2 0.38046875 0.878125 0.2140625 0.24375