2 0.1296875 0.12734375 0.23828125 0.25
0 0.375 0.13203125 0.215234375 0.2609375
5 0.64453125 0.12265625 0.2109375 0.2453125
3 0.87890625 0.13203125 0.2140625 0.24375
4 0.125 0.38125 0.197265625 0.225
3 0.365625 0.378125 0.216015625 0.240234375
2 0.62265625 0.3765625 0.18984375 0.230859375
4 0.8859375 0.3875 0.195703125 0.219140625
3 0.13125 0.6265625 0.226953125 0.239453125
0 0.37109375 0.63046875 0.22109375 0.2390625
2 0.87265625 0.6328125 0.190625 0.23203125
0 0.13359375 0.8796875 0.2328125 0.240625
2 0.36015625 0.8828125 0.2203125 0.234375
2 0.61953125 0.875 0.2171875 0.25
0 0.88046875 0.88203125 0.2390625 0.2359375