5 0.12265625 0.134375 0.23828125 0.24609375
4 0.37265625 0.13046875 0.2703125 0.2609375
3 0.62578125 0.1265625 0.2453125 0.253125
0 0.8796875 0.1296875 0.227734375 0.25390625
4 0.1296875 0.38046875 0.241796875 0.26171875
3 0.378125 0.3796875 0.219921875 0.248828125
3 0.6296875 0.38125 0.22578125 0.24375
5 0.87734375 0.384375 0.2109375 0.238671875
4 0.11640625 0.62734375 0.2328125 0.2546875
2 0.375 0.6328125 0.214453125 0.253515625
4 0.63125 0.6421875 0.228515625 0.228515625
0 0.88203125 0.634375 0.2109375 0.233203125
3 0.1265625 0.87265625 0.216015625 0.2234375
2 0.37578125 0.88671875 0.2328125 0.2265625
2 0.64140625 0.87734375 0.2421875 0.2453125
4 0.87734375 0.87265625 0.2453125 0.2546875