3 0.1234375 0.1265625 0.23515625 0.24296875
3 0.62734375 0.13203125 0.22265625 0.23984375
3 0.3734375 0.37890625 0.20078125 0.21640625
3 0.61796875 0.378125 0.2125 0.234765625
3 0.8796875 0.38359375 0.197265625 0.2203125
3 0.13359375 0.8765625 0.2015625 0.246875
3 0.61953125 0.8765625 0.2265625 0.246875
0 0.3765625 0.13203125 0.1984375 0.253125
0 0.88203125 0.1265625 0.2125 0.239453125
0 0.37265625 0.8796875 0.1921875 0.240625
4 0.128125 0.38046875 0.209375 0.24609375
4 0.6171875 0.628125 0.188671875 0.233984375
5 0.125 0.6296875 0.20078125 0.241796875
5 0.37578125 0.63125 0.19609375 0.234765625
2 0.878125 0.63125 0.237109375 0.241015625
2 0.87109375 0.8859375 0.2078125 0.228125