3 0.1234375 0.1265625 0.2265625 0.23515625
3 0.62734375 0.13203125 0.19765625 0.21875
3 0.3734375 0.37890625 0.203125 0.21875
3 0.61796875 0.378125 0.23203125 0.251953125
3 0.8796875 0.38359375 0.212890625 0.23359375
3 0.13359375 0.87265625 0.2234375 0.2546875
3 0.61953125 0.8765625 0.2234375 0.246875
0 0.3765625 0.13203125 0.1671875 0.23359375
0 0.88203125 0.1265625 0.18984375 0.221484375
0 0.37265625 0.8765625 0.2078125 0.246875
4 0.128125 0.38046875 0.1796875 0.22421875
4 0.6171875 0.628125 0.216796875 0.254296875
5 0.125 0.6296875 0.2078125 0.247265625
5 0.37578125 0.63125 0.1921875 0.231640625
2 0.878125 0.63125 0.238671875 0.242578125
2 0.87109375 0.8859375 0.2109375 0.228125