0 0.12109375 0.12734375 0.2421875 0.2453125
4 0.37734375 0.1234375 0.21953125 0.24140625
5 0.628125 0.1234375 0.186328125 0.225390625
5 0.8734375 0.128125 0.23828125 0.255859375
2 0.121875 0.378125 0.20234375 0.242578125
3 0.37109375 0.37109375 0.23046875 0.240625
2 0.621875 0.37734375 0.24140625 0.25390625
4 0.8734375 0.37265625 0.221484375 0.25078125
4 0.1203125 0.6296875 0.219140625 0.242578125
2 0.3703125 0.625 0.225390625 0.253515625
0 0.628125 0.6234375 0.223828125 0.253515625
5 0.8734375 0.6265625 0.198828125 0.229296875
2 0.12265625 0.88359375 0.1890625 0.2328125
2 0.371875 0.8765625 0.221875 0.246875
2 0.61484375 0.87578125 0.2046875 0.2484375
5 0.87734375 0.8765625 0.2078125 0.246875