3 0.1171875 0.1296875 0.194921875 0.235546875
3 0.8796875 0.134375 0.20078125 0.230078125
3 0.1328125 0.38125 0.20703125 0.237890625
3 0.371875 0.63359375 0.205859375 0.225
5 0.3703125 0.13984375 0.202734375 0.2375
5 0.371875 0.3859375 0.202734375 0.236328125
5 0.88359375 0.384375 0.1921875 0.223828125
0 0.6234375 0.1296875 0.171484375 0.232421875
0 0.62734375 0.63359375 0.1859375 0.2078125
0 0.11953125 0.8796875 0.196875 0.2296875
4 0.628125 0.3765625 0.206640625 0.2390625
4 0.3734375 0.88125 0.176953125 0.21953125
4 0.6171875 0.875 0.177734375 0.235546875
2 0.12109375 0.63671875 0.203125 0.2359375
2 0.8734375 0.63203125 0.178515625 0.225
2 0.87421875 0.88046875 0.2296875 0.2390625