3 0.13203125 0.12734375 0.18984375 0.22890625
3 0.875 0.1296875 0.208203125 0.232421875
3 0.1265625 0.38203125 0.193359375 0.23671875
3 0.61796875 0.3828125 0.21953125 0.233203125
3 0.8765625 0.88125 0.216015625 0.230859375
5 0.384375 0.128125 0.205078125 0.23984375
5 0.365625 0.3734375 0.157421875 0.235546875
5 0.63515625 0.6375 0.1953125 0.221875
5 0.8828125 0.62578125 0.209375 0.234375
5 0.37109375 0.88046875 0.1984375 0.2390625
0 0.6234375 0.1296875 0.214453125 0.232421875
0 0.1203125 0.62734375 0.2171875 0.24921875
0 0.13125 0.8765625 0.208203125 0.229296875
4 0.865625 0.378125 0.205859375 0.241015625
4 0.621875 0.88046875 0.184375 0.2390625
2 0.37265625 0.63125 0.14140625 0.177734375