3 0.13203125 0.12734375 0.20859375 0.24296875
3 0.875 0.1296875 0.224609375 0.246484375
3 0.1265625 0.38203125 0.202734375 0.24296875
3 0.61796875 0.3828125 0.203125 0.217578125
3 0.87578125 0.8796875 0.2265625 0.240625
5 0.384375 0.128125 0.205078125 0.23984375
5 0.365625 0.3734375 0.176953125 0.245703125
5 0.63515625 0.6375 0.20078125 0.2265625
5 0.8828125 0.62578125 0.2265625 0.24765625
5 0.37109375 0.8796875 0.2046875 0.240625
0 0.6234375 0.1296875 0.193359375 0.215234375
0 0.1203125 0.62734375 0.21171875 0.2453125
0 0.13125 0.8765625 0.228515625 0.246484375
4 0.865625 0.378125 0.210546875 0.243359375
4 0.621875 0.878125 0.203125 0.24375
2 0.37265625 0.63125 0.16328125 0.192578125