2 0.12734375 0.1296875 0.24453125 0.221484375
0 0.37265625 0.1234375 0.24453125 0.229296875
0 0.62734375 0.125 0.23203125 0.22734375
0 0.6265625 0.37890625 0.23671875 0.2328125
0 0.12421875 0.6296875 0.23828125 0.226953125
0 0.375 0.6234375 0.223046875 0.226953125
0 0.6390625 0.875 0.226171875 0.2453125
0 0.87890625 0.8734375 0.2171875 0.250390625
4 0.87421875 0.12421875 0.2515625 0.2484375
4 0.8703125 0.62109375 0.225390625 0.2359375
5 0.121875 0.3765625 0.224609375 0.230078125
5 0.6265625 0.62578125 0.230859375 0.22890625
5 0.3796875 0.87578125 0.2328125 0.2375
3 0.875 0.378125 0.221875 0.23984375
3 0.134375 0.8765625 0.25 0.246875
3 0.371875 0.3734375 0.254296875 0.230859375