4 0.13203125 0.1375 0.24375 0.25546875
0 0.37890625 0.1359375 0.24609375 0.2578125
3 0.6265625 0.1390625 0.232421875 0.236328125
5 0.88203125 0.13046875 0.2046875 0.23359375
3 0.1390625 0.38125 0.221875 0.237109375
3 0.3765625 0.3828125 0.25546875 0.227734375
2 0.6296875 0.38515625 0.19296875 0.2375
3 0.86875 0.3828125 0.21171875 0.244140625
0 0.128125 0.63671875 0.2265625 0.25625
5 0.3734375 0.6375 0.220703125 0.230078125
5 0.63359375 0.6359375 0.23203125 0.246484375
0 0.8796875 0.63125 0.2203125 0.261328125
2 0.1203125 0.88046875 0.225 0.2390625
3 0.37734375 0.875 0.2171875 0.2390625
5 0.62578125 0.88046875 0.2359375 0.2390625
3 0.87890625 0.8828125 0.2359375 0.234375