3 0.1 0.0875 0.069921875 0.07265625
3 0.30078125 0.1 0.071875 0.073828125
3 0.5015625 0.09296875 0.075390625 0.0734375
3 0.7015625 0.103125 0.07265625 0.07265625
3 0.896875 0.10703125 0.074609375 0.08125
3 0.0953125 0.2953125 0.072265625 0.075390625
3 0.30546875 0.29140625 0.07734375 0.084375
3 0.49765625 0.30625 0.084375 0.079296875
3 0.69453125 0.29375 0.071875 0.0875
3 0.9 0.290625 0.083984375 0.08203125
3 0.89453125 0.49765625 0.08359375 0.09296875
3 0.69765625 0.4890625 0.075 0.081640625
3 0.4984375 0.48671875 0.066796875 0.06875
3 0.296875 0.4890625 0.084375 0.074609375
3 0.10078125 0.4984375 0.0765625 0.08046875
3 0.09609375 0.6890625 0.07734375 0.082421875
3 0.3 0.7015625 0.083984375 0.0921875
3 0.5 0.6890625 0.076953125 0.081640625
3 0.703125 0.70390625 0.077734375 0.09140625
3 0.8984375 0.69375 0.069140625 0.084375
3 0.0984375 0.88203125 0.060546875 0.07109375
3 0.296875 0.8953125 0.076953125 0.08671875
3 0.496875 0.8984375 0.075390625 0.075390625
3 0.7 0.896875 0.069140625 0.081640625
3 0.9 0.890625 0.071484375 0.080078125