3 0.0796875 0.0984375 0.069140625 0.076171875
3 0.26875 0.084375 0.133203125 0.166796875
3 0.4265625 0.10234375 0.057421875 0.0640625
3 0.5859375 0.0625 0.032421875 0.045703125
3 0.9140625 0.0921875 0.080859375 0.094921875
3 0.0796875 0.246875 0.066015625 0.061328125
3 0.24609375 0.23671875 0.09140625 0.0984375
3 0.41875 0.23671875 0.068359375 0.0703125
3 0.5984375 0.23359375 0.10703125 0.11484375
3 0.7484375 0.24375 0.05546875 0.058203125
3 0.89765625 0.2484375 0.06953125 0.093359375
3 0.06171875 0.4171875 0.11015625 0.169140625
3 0.24375 0.40390625 0.119140625 0.11484375
3 0.43984375 0.4125 0.1296875 0.175390625
3 0.58671875 0.43125 0.11796875 0.125
3 0.7453125 0.39375 0.049609375 0.0578125
3 0.928125 0.40625 0.139453125 0.151953125
3 0.0921875 0.578125 0.102734375 0.102734375
3 0.253125 0.5734375 0.078515625 0.078515625
3 0.4078125 0.59453125 0.052734375 0.059375
3 0.571875 0.5828125 0.058984375 0.079296875
3 0.71328125 0.5796875 0.0953125 0.156640625
3 0.903125 0.58984375 0.076953125 0.0859375
3 0.059375 0.75078125 0.11875 0.1578125
3 0.23671875 0.7484375 0.05703125 0.070703125
3 0.43125 0.746875 0.133984375 0.164453125
3 0.575 0.74375 0.096875 0.096875
3 0.74296875 0.753125 0.08515625 0.091796875
3 0.921875 0.759375 0.09296875 0.103515625
3 0.91875 0.9125 0.1015625 0.121875
3 0.77578125 0.909375 0.1421875 0.18125
3 0.60234375 0.9140625 0.1359375 0.171875
3 0.403125 0.915625 0.058984375 0.065625
3 0.2671875 0.90625 0.126171875 0.121484375
3 0.08125 0.8953125 0.053515625 0.067578125