3 0.3859375 0.1140625 0.25234375 0.19921875
3 0.871875 0.378125 0.19453125 0.22578125
5 0.8796875 0.6296875 0.16796875 0.18984375
5 0.134375 0.8625 0.1875 0.178125
3 0.86875 0.1296875 0.18515625 0.196875
3 0.1328125 0.134375 0.1875 0.18984375
2 0.6390625 0.1421875 0.165625 0.25
2 0.8796875 0.86875 0.18046875 0.17578125
4 0.1296875 0.39453125 0.16796875 0.2140625
4 0.3828125 0.4046875 0.1875 0.24296875
4 0.13046875 0.63046875 0.1703125 0.1921875
4 0.3875 0.6546875 0.1875 0.21171875
4 0.40234375 0.87421875 0.2015625 0.1828125
4 0.6375 0.62734375 0.18984375 0.1921875
4 0.63125 0.396875 0.18046875 0.19453125
2 0.62890625 0.875 0.2046875 0.22578125