2 0.609375 0.8734375 0.23046875 0.228515625
2 0.6203125 0.1234375 0.221484375 0.246484375
3 0.88984375 0.63515625 0.2203125 0.2609375
3 0.86640625 0.88359375 0.2203125 0.2328125
3 0.37734375 0.884375 0.2046875 0.23125
3 0.87734375 0.38203125 0.23515625 0.22734375
3 0.63671875 0.3921875 0.23046875 0.232421875
4 0.88125 0.12421875 0.23515625 0.23125
4 0.38671875 0.628125 0.25859375 0.267578125
4 0.12578125 0.121875 0.2328125 0.24375
4 0.3921875 0.1265625 0.2234375 0.234765625
4 0.39375 0.3765625 0.228515625 0.228515625
0 0.14140625 0.38125 0.2046875 0.209765625
5 0.134375 0.6328125 0.208203125 0.2375
5 0.1203125 0.87890625 0.216015625 0.2421875