2 0.1265625 0.12578125 0.253125 0.2453125
2 0.37109375 0.371875 0.23203125 0.233984375
2 0.1234375 0.36484375 0.246875 0.2546875
4 0.63125 0.1265625 0.237890625 0.240625
4 0.87734375 0.1234375 0.2375 0.2296875
4 0.628125 0.628125 0.20234375 0.215234375
4 0.88125 0.3796875 0.2375 0.225
4 0.3796875 0.13046875 0.209765625 0.24296875
3 0.8765625 0.634375 0.228515625 0.21953125
2 0.628125 0.39375 0.23984375 0.205078125
0 0.12890625 0.89296875 0.184375 0.19609375
3 0.38671875 0.6203125 0.22109375 0.211328125
4 0.37734375 0.88359375 0.2078125 0.2328125
4 0.62109375 0.88515625 0.2078125 0.2296875
5 0.8984375 0.89453125 0.203125 0.2109375
0 0.1296875 0.6421875 0.243359375 0.206640625