0 0.125 0.12890625 0.236328125 0.234375
3 0.3765625 0.1296875 0.226953125 0.226953125
4 0.6296875 0.1234375 0.237109375 0.21640625
4 0.87578125 0.12578125 0.2484375 0.2484375
4 0.3765625 0.38046875 0.246484375 0.253125
4 0.6234375 0.3765625 0.263671875 0.27109375
4 0.628125 0.625 0.262109375 0.257421875
4 0.6328125 0.87890625 0.234765625 0.23984375
0 0.128125 0.38125 0.221484375 0.226171875
5 0.8796875 0.3703125 0.221875 0.221875
0 0.38125 0.6234375 0.243359375 0.248046875
5 0.384375 0.8671875 0.25078125 0.25078125
5 0.1328125 0.8734375 0.2328125 0.235546875
0 0.1328125 0.625 0.26015625 0.262890625
0 0.8765625 0.62578125 0.246875 0.2453125
2 0.875 0.8765625 0.245703125 0.245703125