4 0.13515625 0.12890625 0.21875 0.22890625
4 0.134375 0.38046875 0.18125 0.225
4 0.62265625 0.896875 0.1859375 0.20625
5 0.3796875 0.1421875 0.190625 0.21640625
5 0.11484375 0.88359375 0.2109375 0.2328125
5 0.8859375 0.6421875 0.1859375 0.230859375
3 0.61875 0.1296875 0.1921875 0.216796875
3 0.121875 0.63515625 0.180859375 0.2171875
3 0.38203125 0.8796875 0.175 0.21953125
3 0.621875 0.40859375 0.180859375 0.17890625
5 0.6328125 0.6265625 0.169921875 0.191015625
0 0.3765625 0.3734375 0.194921875 0.20546875
0 0.8796875 0.1421875 0.2140625 0.221875
0 0.88125 0.36875 0.214453125 0.209375
2 0.39140625 0.62578125 0.196875 0.2234375
2 0.8765625 0.884375 0.195703125 0.208203125