2 0.86640625 0.88359375 0.1640625 0.2328125
2 0.88125 0.628125 0.1984375 0.239453125
2 0.8828125 0.38671875 0.190625 0.2171875
5 0.88671875 0.13671875 0.2265625 0.2578125
4 0.384375 0.128125 0.20625 0.223828125
4 0.6328125 0.125 0.2046875 0.230078125
4 0.6390625 0.375 0.18515625 0.221484375
4 0.6359375 0.63125 0.23828125 0.235546875
4 0.38125 0.6453125 0.209765625 0.2
4 0.38125 0.88671875 0.1734375 0.2078125
2 0.13359375 0.87734375 0.20625 0.203125
2 0.63203125 0.87109375 0.215625 0.2234375
0 0.1359375 0.63671875 0.183203125 0.21640625
0 0.1265625 0.1328125 0.200390625 0.23125
3 0.1265625 0.37734375 0.228125 0.2234375
3 0.37578125 0.38125 0.22109375 0.230078125