0 0.634375 0.38125 0.217578125 0.230078125
3 0.38046875 0.63515625 0.21328125 0.240625
3 0.63359375 0.634375 0.21015625 0.219921875
2 0.628125 0.8796875 0.192578125 0.237890625
2 0.88046875 0.884375 0.184375 0.195703125
3 0.140625 0.88125 0.193359375 0.209765625
3 0.125 0.13671875 0.15703125 0.2171875
3 0.3703125 0.1453125 0.20078125 0.219140625
2 0.62734375 0.13984375 0.20625 0.2140625
5 0.1390625 0.384375 0.195703125 0.204296875
4 0.37265625 0.3828125 0.175 0.200390625
4 0.878125 0.390625 0.16875 0.192578125
4 0.1328125 0.6265625 0.2078125 0.238671875
4 0.3828125 0.884375 0.181640625 0.218359375
4 0.890625 0.140625 0.17890625 0.216796875
4 0.890625 0.634375 0.187890625 0.218359375