4 0.13125 0.1296875 0.19140625 0.23125
4 0.878125 0.13125 0.240625 0.2625
4 0.128125 0.8828125 0.223046875 0.225
5 0.884375 0.37890625 0.23125 0.2234375
5 0.6375 0.390625 0.215625 0.213671875
5 0.6390625 0.1296875 0.209765625 0.221484375
5 0.3796875 0.884375 0.20546875 0.225
5 0.13046875 0.64296875 0.2234375 0.2234375
3 0.37421875 0.6296875 0.234375 0.222265625
4 0.39375 0.12421875 0.21640625 0.22109375
4 0.1359375 0.3765625 0.222265625 0.244921875
0 0.38203125 0.3859375 0.21328125 0.2171875
0 0.88828125 0.63359375 0.20625 0.21796875
2 0.8859375 0.8890625 0.191015625 0.21796875
4 0.63203125 0.6296875 0.23125 0.237890625
4 0.63359375 0.87578125 0.2265625 0.2484375