3 0.61953125 0.1359375 0.21328125 0.242578125
3 0.8734375 0.1265625 0.19921875 0.216796875
3 0.12734375 0.128125 0.2109375 0.224609375
3 0.88359375 0.38515625 0.22109375 0.2296875
3 0.88359375 0.6328125 0.20078125 0.2171875
3 0.375 0.88515625 0.23125 0.2296875
5 0.6265625 0.37734375 0.229296875 0.23515625
5 0.39609375 0.621875 0.171875 0.19765625
5 0.39140625 0.390625 0.20625 0.217578125
4 0.140625 0.3765625 0.231640625 0.231640625
4 0.63359375 0.89140625 0.2203125 0.2171875
2 0.64375 0.646875 0.21875 0.225390625
0 0.88359375 0.8671875 0.1828125 0.192578125
4 0.11953125 0.8828125 0.19765625 0.2234375
3 0.128125 0.6359375 0.205078125 0.240234375
4 0.378125 0.1359375 0.201171875 0.246875