3 0.61953125 0.1359375 0.19375 0.226953125
3 0.8734375 0.1265625 0.21640625 0.232421875
3 0.12734375 0.128125 0.20234375 0.217578125
3 0.8828125 0.384375 0.234375 0.240625
3 0.88359375 0.6328125 0.2140625 0.22890625
3 0.375 0.88984375 0.209375 0.2203125
5 0.6265625 0.37734375 0.215234375 0.221875
5 0.39609375 0.621875 0.171875 0.19765625
5 0.39140625 0.390625 0.21328125 0.223828125
4 0.140625 0.3765625 0.231640625 0.231640625
4 0.63359375 0.89296875 0.2140625 0.2140625
2 0.64375 0.646875 0.24921875 0.254296875
0 0.88359375 0.8671875 0.18828125 0.197265625
4 0.11875 0.88125 0.215625 0.2375
3 0.128125 0.6359375 0.221484375 0.252734375
4 0.378125 0.1359375 0.207421875 0.25