2 0.11328125 0.13828125 0.2265625 0.2265625
2 0.6453125 0.1328125 0.235546875 0.239453125
2 0.13125 0.3796875 0.198046875 0.228515625
2 0.6296875 0.384375 0.190625 0.193359375
0 0.38125 0.13125 0.187890625 0.205078125
0 0.38828125 0.38515625 0.2046875 0.2046875
0 0.88125 0.3734375 0.158203125 0.17421875
5 0.8890625 0.14453125 0.173046875 0.2125
5 0.378125 0.62265625 0.207421875 0.2125
5 0.39140625 0.88515625 0.20546875 0.22109375
5 0.6421875 0.6234375 0.203515625 0.2203125
5 0.646875 0.878125 0.193359375 0.2171875
5 0.12890625 0.6375 0.20546875 0.207421875
3 0.88046875 0.63125 0.18671875 0.208203125
3 0.12578125 0.8796875 0.2109375 0.230078125
4 0.8796875 0.88203125 0.184375 0.21953125