3 0.13203125 0.38203125 0.22265625 0.23359375
3 0.37109375 0.6359375 0.22109375 0.253515625
3 0.11875 0.8734375 0.221484375 0.216015625
0 0.634375 0.38359375 0.19921875 0.19453125
0 0.884375 0.13125 0.189453125 0.193359375
0 0.6296875 0.13203125 0.187109375 0.20703125
3 0.625 0.878125 0.199609375 0.219140625
3 0.36875 0.1203125 0.217578125 0.204296875
5 0.63125 0.6359375 0.241015625 0.227734375
5 0.884375 0.884375 0.23125 0.23125
4 0.1234375 0.140625 0.206640625 0.225
5 0.3859375 0.88359375 0.2015625 0.209375
5 0.121875 0.63046875 0.236328125 0.24140625
4 0.865625 0.6296875 0.199609375 0.241796875
4 0.3734375 0.38046875 0.180859375 0.22890625
4 0.8921875 0.3734375 0.208984375 0.230078125