3 0.134375 0.13671875 0.22734375 0.24921875
3 0.62109375 0.37890625 0.1890625 0.21953125
3 0.6421875 0.8796875 0.181640625 0.19296875
3 0.38671875 0.634375 0.22421875 0.237109375
5 0.37578125 0.12109375 0.1890625 0.19765625
5 0.38671875 0.365625 0.18046875 0.214453125
5 0.8921875 0.63203125 0.201953125 0.2265625
5 0.884375 0.3703125 0.215234375 0.218359375
0 0.6359375 0.121875 0.19609375 0.198046875
2 0.634375 0.63125 0.1796875 0.185546875
2 0.378125 0.87265625 0.199609375 0.2109375
4 0.1359375 0.3578125 0.184765625 0.199609375
4 0.1203125 0.62734375 0.184765625 0.2015625
4 0.13984375 0.86875 0.175 0.21953125
4 0.8875 0.14140625 0.180078125 0.21484375
4 0.884375 0.88359375 0.162109375 0.2015625