2 0.86640625 0.87890625 0.1953125 0.2421875
2 0.88125 0.628125 0.196875 0.237890625
2 0.8828125 0.38671875 0.19609375 0.22109375
5 0.8875 0.1359375 0.225 0.25625
4 0.384375 0.128125 0.19609375 0.213671875
4 0.6328125 0.125 0.2078125 0.232421875
4 0.6390625 0.375 0.20703125 0.237890625
4 0.6359375 0.63125 0.215625 0.213671875
4 0.38125 0.6453125 0.231640625 0.2234375
4 0.38125 0.88671875 0.1859375 0.2171875
2 0.13359375 0.87734375 0.20625 0.203125
2 0.63203125 0.87109375 0.2 0.209375
0 0.1359375 0.63671875 0.183203125 0.21640625
0 0.1265625 0.1328125 0.197265625 0.22890625
3 0.1265625 0.37734375 0.23515625 0.23125
3 0.37578125 0.38125 0.22265625 0.231640625