3 0.128125 0.37734375 0.223046875 0.2390625
3 0.384375 0.11953125 0.20625 0.2390625
3 0.8765625 0.13046875 0.210546875 0.23515625
3 0.61875 0.378125 0.198046875 0.233984375
3 0.8734375 0.37109375 0.204296875 0.21953125
2 0.62265625 0.12109375 0.2203125 0.2421875
2 0.375 0.39140625 0.20234375 0.24140625
3 0.8703125 0.63671875 0.210546875 0.2328125
5 0.3828125 0.88359375 0.19140625 0.215625
3 0.12421875 0.88203125 0.20703125 0.228125
2 0.63125 0.88125 0.202734375 0.219921875
0 0.878125 0.88203125 0.202734375 0.22890625
0 0.13359375 0.1390625 0.22109375 0.2421875
0 0.38203125 0.6296875 0.19296875 0.209765625
4 0.1265625 0.63671875 0.208203125 0.221875
0 0.6265625 0.62109375 0.208203125 0.21484375