3 0.134375 0.13671875 0.20390625 0.2296875
3 0.62109375 0.37890625 0.1703125 0.2046875
3 0.6421875 0.8796875 0.194921875 0.20546875
3 0.38671875 0.634375 0.21953125 0.233203125
5 0.37578125 0.12109375 0.1875 0.19609375
5 0.38671875 0.365625 0.18359375 0.216796875
5 0.8921875 0.63203125 0.190234375 0.21640625
5 0.884375 0.3703125 0.208984375 0.212890625
0 0.6359375 0.121875 0.190625 0.193359375
2 0.634375 0.63125 0.18515625 0.191796875
2 0.378125 0.87265625 0.205859375 0.21640625
4 0.1359375 0.3578125 0.200390625 0.213671875
4 0.1203125 0.62734375 0.200390625 0.215625
4 0.13984375 0.86875 0.1984375 0.23671875
4 0.8875 0.14140625 0.183203125 0.2171875
4 0.884375 0.88359375 0.173828125 0.209375