3 0.11796875 0.11875 0.19375 0.213671875
3 0.140625 0.390625 0.20546875 0.223046875
3 0.63515625 0.37109375 0.2015625 0.22109375
3 0.6375 0.8890625 0.210546875 0.218359375
5 0.8921875 0.371875 0.160546875 0.185546875
5 0.13125 0.6140625 0.179296875 0.2390625
0 0.38984375 0.1359375 0.17734375 0.22109375
0 0.625 0.13125 0.193359375 0.209765625
2 0.3796875 0.38125 0.192578125 0.214453125
2 0.38515625 0.85859375 0.184375 0.2015625
0 0.87734375 0.62734375 0.18359375 0.19140625
4 0.1296875 0.87109375 0.167578125 0.20546875
4 0.384375 0.6109375 0.192578125 0.237890625
4 0.6265625 0.6171875 0.196484375 0.228515625
4 0.8859375 0.88125 0.176171875 0.1984375
4 0.88203125 0.13125 0.20859375 0.206640625