3 0.1203125 0.12578125 0.232421875 0.24765625
3 0.37265625 0.1234375 0.2484375 0.246875
4 0.3734375 0.378125 0.194921875 0.2296875
4 0.63671875 0.128125 0.2296875 0.25625
4 0.1234375 0.87734375 0.196875 0.2328125
4 0.13671875 0.625 0.21015625 0.26015625
0 0.878125 0.125 0.18828125 0.21796875
0 0.871875 0.384375 0.224609375 0.233203125
0 0.8875 0.878125 0.2078125 0.243359375
0 0.134375 0.3765625 0.200390625 0.22734375
2 0.3859375 0.6265625 0.209375 0.239453125
5 0.64375 0.6359375 0.240234375 0.2296875
4 0.384375 0.88125 0.2140625 0.216015625
4 0.6375 0.3828125 0.23046875 0.236328125
3 0.63671875 0.8734375 0.21328125 0.2171875