3 0.1296875 0.63046875 0.199609375 0.2359375
3 0.63125 0.38203125 0.230859375 0.22890625
3 0.88046875 0.384375 0.2125 0.244140625
3 0.6265625 0.8859375 0.198828125 0.2265625
3 0.128125 0.1328125 0.19453125 0.22265625
3 0.1265625 0.38125 0.207421875 0.218359375
3 0.37578125 0.1359375 0.203125 0.226953125
3 0.384375 0.884375 0.21875 0.20703125
3 0.8765625 0.134375 0.223046875 0.245703125
2 0.89375 0.63125 0.2125 0.209375
2 0.63671875 0.63984375 0.1859375 0.2078125
2 0.371875 0.3890625 0.203515625 0.185546875
5 0.625 0.1328125 0.219140625 0.23046875
5 0.89140625 0.8921875 0.2109375 0.215625
3 0.38359375 0.640625 0.175 0.21015625
4 0.1359375 0.8796875 0.201171875 0.201171875