4 0.14296875 0.134375 0.20859375 0.23125
4 0.634375 0.1265625 0.23515625 0.229296875
4 0.390625 0.1359375 0.233984375 0.241796875
4 0.88203125 0.1296875 0.2078125 0.193359375
4 0.89453125 0.38125 0.2109375 0.234375
3 0.634375 0.634375 0.202734375 0.202734375
3 0.634375 0.3578125 0.248828125 0.244921875
3 0.13671875 0.378125 0.20625 0.2375
3 0.365625 0.865625 0.20234375 0.225390625
2 0.89296875 0.63125 0.19609375 0.2265625
2 0.13125 0.634375 0.23046875 0.224609375
2 0.1296875 0.8796875 0.203125 0.23203125
4 0.89921875 0.88671875 0.2015625 0.2109375
4 0.64765625 0.88125 0.2234375 0.2375
4 0.3765625 0.6203125 0.2234375 0.235546875
2 0.3875 0.3734375 0.215234375 0.209765625