5 0.1234375 0.1203125 0.20234375 0.219921875
5 0.6296875 0.8890625 0.2 0.2125
3 0.12890625 0.378125 0.175 0.21328125
3 0.378125 0.61875 0.210546875 0.21640625
3 0.87734375 0.3890625 0.21015625 0.229296875
3 0.8765625 0.8921875 0.192578125 0.201171875
2 0.87109375 0.634375 0.19453125 0.1984375
2 0.14609375 0.6359375 0.21328125 0.226953125
2 0.37734375 0.884375 0.2046875 0.20859375
0 0.1296875 0.878125 0.21015625 0.208203125
4 0.38125 0.13359375 0.201953125 0.2265625
4 0.38984375 0.378125 0.1828125 0.20703125
4 0.6296875 0.3796875 0.220703125 0.225390625
4 0.621875 0.134375 0.204296875 0.22578125
4 0.86640625 0.14296875 0.2109375 0.2078125
4 0.62578125 0.615625 0.2234375 0.24453125