0 0.1390625 0.375 0.213671875 0.229296875
0 0.88203125 0.8859375 0.2359375 0.228125
0 0.390625 0.375 0.220703125 0.217578125
2 0.3796875 0.61875 0.225390625 0.23671875
2 0.1390625 0.13046875 0.2046875 0.2234375
0 0.878125 0.12734375 0.230078125 0.24453125
2 0.38359375 0.1234375 0.21953125 0.220703125
2 0.1375 0.6171875 0.228125 0.233984375
3 0.6359375 0.646875 0.230078125 0.242578125
2 0.62109375 0.1140625 0.19765625 0.219140625
4 0.640625 0.36875 0.215625 0.235546875
4 0.88125 0.384375 0.236328125 0.225
4 0.1359375 0.8703125 0.225 0.259375
5 0.8859375 0.63359375 0.219921875 0.21796875
5 0.6359375 0.8796875 0.208984375 0.237109375
2 0.37734375 0.875 0.240625 0.24453125