2 0.128125 0.0984375 0.21015625 0.160546875
2 0.8734375 0.13203125 0.234375 0.24609375
2 0.8796875 0.3828125 0.226953125 0.230859375
2 0.3703125 0.64765625 0.222265625 0.2171875
2 0.6265625 0.634375 0.205078125 0.226171875
2 0.128125 0.37890625 0.231640625 0.25078125
5 0.62890625 0.88515625 0.1765625 0.2296875
5 0.384375 0.8875 0.202734375 0.211328125
2 0.38125 0.37890625 0.225390625 0.22734375
5 0.3875 0.1296875 0.21640625 0.23359375
5 0.61875 0.1484375 0.187890625 0.217578125
4 0.62421875 0.3765625 0.190625 0.23203125
4 0.8703125 0.884375 0.191015625 0.229296875
2 0.13125 0.634375 0.22734375 0.247265625
3 0.1328125 0.8875 0.203515625 0.218359375
3 0.871875 0.6234375 0.206640625 0.209375