5 0.13671875 0.13828125 0.18828125 0.21640625
5 0.3859375 0.38359375 0.196875 0.1734375
2 0.375 0.13515625 0.172265625 0.18671875
2 0.88515625 0.37734375 0.19453125 0.21484375
3 0.63046875 0.12578125 0.21953125 0.23125
3 0.12265625 0.8859375 0.2140625 0.228125
4 0.88203125 0.115625 0.19609375 0.197265625
4 0.125 0.3734375 0.201171875 0.212890625
4 0.1359375 0.6203125 0.196875 0.202734375
4 0.6265625 0.61796875 0.156640625 0.18359375
4 0.87734375 0.875 0.1875 0.232421875
4 0.63203125 0.87734375 0.1796875 0.20703125
4 0.37109375 0.6234375 0.19453125 0.208984375
4 0.37109375 0.88203125 0.2140625 0.2109375
3 0.634375 0.38515625 0.208203125 0.225