3 0.125 0.36875 0.237109375 0.259765625
3 0.628125 0.384375 0.215234375 0.244921875
3 0.3890625 0.62734375 0.197265625 0.2203125
3 0.89609375 0.87578125 0.2078125 0.2171875
3 0.12109375 0.625 0.21171875 0.216015625
5 0.4 0.37734375 0.199609375 0.240625
5 0.63203125 0.6265625 0.24296875 0.238671875
5 0.63671875 0.1140625 0.2328125 0.228125
4 0.3875 0.128125 0.19453125 0.225
4 0.88203125 0.1390625 0.18515625 0.245703125
4 0.63671875 0.88046875 0.2234375 0.2390625
2 0.88125 0.3859375 0.183984375 0.213671875
2 0.8875 0.6328125 0.190625 0.2125
2 0.125 0.8703125 0.199609375 0.206640625
2 0.375 0.89765625 0.206640625 0.1921875
4 0.14375 0.13671875 0.212890625 0.221875