3 0.128125 0.64375 0.195703125 0.217578125
3 0.88203125 0.1359375 0.20703125 0.220703125
5 0.634375 0.37890625 0.233984375 0.22734375
5 0.8859375 0.88984375 0.2 0.2203125
5 0.13203125 0.8765625 0.240625 0.225390625
2 0.3859375 0.6046875 0.195703125 0.209765625
0 0.1296875 0.13359375 0.187109375 0.21015625
4 0.3796875 0.1296875 0.20546875 0.2171875
4 0.134375 0.38125 0.23125 0.229296875
4 0.3953125 0.8828125 0.228125 0.196875
2 0.6296875 0.14296875 0.165234375 0.209375
4 0.634375 0.890625 0.215625 0.21875
4 0.38828125 0.3890625 0.21875 0.237109375
5 0.6328125 0.6296875 0.212109375 0.22578125
3 0.88515625 0.62265625 0.2296875 0.2078125
4 0.88125 0.36875 0.219140625 0.209765625