4 0.13203125 0.1296875 0.20234375 0.2484375
3 0.6234375 0.134375 0.18515625 0.2125
3 0.63984375 0.8890625 0.20078125 0.21328125
0 0.37734375 0.8921875 0.20625 0.211328125
0 0.37265625 0.621875 0.1734375 0.19921875
0 0.896875 0.38125 0.20546875 0.202734375
2 0.63671875 0.3859375 0.1890625 0.198046875
2 0.628125 0.621875 0.203125 0.212890625
5 0.88203125 0.11875 0.2078125 0.221484375
5 0.13359375 0.6453125 0.1921875 0.198828125
5 0.90234375 0.88359375 0.190625 0.22109375
4 0.13984375 0.38125 0.190625 0.19453125
4 0.365625 0.1296875 0.169140625 0.1921875
4 0.38125 0.378125 0.213671875 0.225
4 0.13828125 0.8796875 0.23046875 0.234375
4 0.8890625 0.6296875 0.212109375 0.220703125