3 0.13203125 0.38203125 0.228125 0.23828125
3 0.37109375 0.6359375 0.20703125 0.242578125
3 0.12109375 0.87265625 0.2421875 0.2453125
0 0.634375 0.38359375 0.209375 0.20546875
0 0.884375 0.13125 0.202734375 0.205859375
0 0.6296875 0.13203125 0.185546875 0.20546875
3 0.625 0.878125 0.193359375 0.213671875
3 0.36875 0.1203125 0.206640625 0.192578125
2 0.63125 0.6359375 0.237890625 0.223828125
5 0.8796875 0.8796875 0.240625 0.240625
4 0.1234375 0.140625 0.212109375 0.2296875
5 0.3859375 0.88359375 0.2046875 0.2125
5 0.1265625 0.6296875 0.253125 0.265625
4 0.865625 0.6296875 0.208203125 0.248046875
4 0.3734375 0.38046875 0.174609375 0.225
4 0.8921875 0.3734375 0.189453125 0.213671875