3 0.3796875 0.3796875 0.23125 0.216015625
3 0.63671875 0.3734375 0.2140625 0.212109375
3 0.3890625 0.884375 0.2375 0.23125
3 0.1296875 0.63125 0.222265625 0.222265625
3 0.13125 0.38125 0.20546875 0.214453125
2 0.6296875 0.13046875 0.234375 0.23828125
2 0.8796875 0.36796875 0.240625 0.2484375
2 0.634375 0.88515625 0.225 0.2296875
0 0.89140625 0.875 0.2046875 0.25
0 0.3859375 0.12109375 0.212109375 0.2171875
0 0.88046875 0.134375 0.2328125 0.226171875
4 0.1328125 0.14765625 0.200390625 0.23828125
4 0.37421875 0.628125 0.184375 0.20859375
4 0.6296875 0.6484375 0.22578125 0.228515625
4 0.8703125 0.63671875 0.2078125 0.2453125
4 0.128125 0.89296875 0.212109375 0.20625