4 0.134375 0.12890625 0.1875 0.2046875
4 0.634375 0.1328125 0.1984375 0.20703125
4 0.88125 0.12734375 0.166015625 0.2109375
4 0.884375 0.378125 0.19609375 0.238671875
4 0.13671875 0.88671875 0.16328125 0.221875
4 0.3734375 0.6328125 0.175 0.198046875
4 0.38203125 0.878125 0.2171875 0.24375
5 0.38203125 0.1390625 0.1875 0.20859375
5 0.634375 0.378125 0.183984375 0.20703125
2 0.13828125 0.628125 0.19921875 0.212890625
2 0.8890625 0.8921875 0.175 0.201953125
3 0.13125 0.3765625 0.199609375 0.220703125
3 0.884375 0.6375 0.198828125 0.2171875
3 0.3890625 0.38203125 0.196484375 0.21875
3 0.634375 0.6375 0.196875 0.208203125
4 0.6265625 0.8859375 0.193359375 0.183984375