3 0.13203125 0.38203125 0.21015625 0.221875
3 0.37109375 0.6359375 0.22109375 0.253515625
3 0.11875 0.87265625 0.2375 0.2328125
0 0.634375 0.38359375 0.1890625 0.184375
0 0.884375 0.13125 0.192578125 0.195703125
0 0.6296875 0.13203125 0.187109375 0.20703125
3 0.625 0.878125 0.196484375 0.216796875
3 0.36875 0.1203125 0.199609375 0.184765625
5 0.63125 0.6359375 0.225390625 0.209765625
5 0.87890625 0.87890625 0.2421875 0.2421875
4 0.1234375 0.140625 0.219921875 0.23671875
5 0.3859375 0.88359375 0.21015625 0.2171875
5 0.125 0.6296875 0.25 0.2625
4 0.865625 0.6296875 0.194140625 0.237890625
4 0.3734375 0.38046875 0.167578125 0.2203125
4 0.8921875 0.3734375 0.197265625 0.220703125