4 0.13515625 0.12890625 0.21484375 0.22578125
4 0.134375 0.38046875 0.18828125 0.23046875
4 0.621875 0.89609375 0.1875 0.2078125
5 0.3796875 0.1421875 0.19296875 0.21796875
5 0.11484375 0.88515625 0.2015625 0.2296875
5 0.8859375 0.6421875 0.184375 0.229296875
3 0.61875 0.1296875 0.190625 0.215234375
3 0.121875 0.63515625 0.171484375 0.2109375
3 0.38125 0.87890625 0.20625 0.2421875
3 0.621875 0.40859375 0.186328125 0.184375
5 0.6328125 0.6265625 0.189453125 0.206640625
0 0.3765625 0.3734375 0.197265625 0.2078125
0 0.8796875 0.1421875 0.1890625 0.1984375
0 0.88125 0.36875 0.202734375 0.196875
2 0.39140625 0.62578125 0.178125 0.20859375
2 0.8765625 0.884375 0.178515625 0.192578125