4 0.13125 0.1296875 0.20390625 0.240625
4 0.87890625 0.128125 0.2203125 0.25625
4 0.128125 0.8828125 0.223046875 0.225
5 0.8890625 0.3796875 0.219140625 0.202734375
5 0.6375 0.390625 0.1984375 0.195703125
5 0.6390625 0.1296875 0.199609375 0.212109375
5 0.3796875 0.884375 0.2109375 0.2296875
5 0.13046875 0.64296875 0.225 0.225
3 0.37421875 0.6296875 0.228125 0.214453125
4 0.39375 0.12421875 0.23671875 0.240625
4 0.1359375 0.3765625 0.224609375 0.247265625
0 0.38203125 0.3859375 0.209375 0.2140625
0 0.88828125 0.63359375 0.22109375 0.23125
2 0.88515625 0.88671875 0.2046875 0.2265625
4 0.63203125 0.6296875 0.2140625 0.221484375
4 0.634375 0.87734375 0.21875 0.24453125