3 0.128125 0.37734375 0.219140625 0.2359375
3 0.384375 0.121875 0.215625 0.24375
3 0.8765625 0.13046875 0.214453125 0.2375
3 0.61875 0.378125 0.207421875 0.241796875
3 0.8734375 0.37109375 0.200390625 0.215625
2 0.62265625 0.12265625 0.2265625 0.2453125
2 0.375 0.39140625 0.20390625 0.2421875
3 0.8703125 0.63671875 0.230078125 0.24921875
5 0.3828125 0.88359375 0.19296875 0.2171875
3 0.12421875 0.88203125 0.20859375 0.2296875
2 0.63125 0.88125 0.212109375 0.228515625
0 0.878125 0.88203125 0.205859375 0.23203125
0 0.13359375 0.1390625 0.21953125 0.240625
0 0.38203125 0.6296875 0.175 0.194140625
4 0.1265625 0.63671875 0.223828125 0.2359375
0 0.6265625 0.62109375 0.221484375 0.22734375