3 0.1265625 0.1265625 0.212890625 0.232421875
3 0.37421875 0.128125 0.21171875 0.2328125
3 0.634375 0.12265625 0.195703125 0.215625
3 0.8796875 0.1328125 0.216796875 0.208984375
3 0.365625 0.3703125 0.233984375 0.245703125
3 0.8796875 0.63125 0.226171875 0.217578125
4 0.12265625 0.375 0.22109375 0.232421875
4 0.871875 0.38125 0.191796875 0.217578125
3 0.3828125 0.628125 0.227734375 0.227734375
0 0.12734375 0.878125 0.2203125 0.24375
0 0.371875 0.88125 0.198828125 0.23046875
2 0.62734375 0.6265625 0.2359375 0.22265625
2 0.87734375 0.884375 0.22265625 0.21796875
0 0.62890625 0.87421875 0.24609375 0.22890625
4 0.1234375 0.62734375 0.246875 0.2578125
4 0.628125 0.378125 0.217578125 0.2109375