3 0.1296875 0.13125 0.213671875 0.23828125
3 0.8796875 0.38203125 0.195703125 0.2375
3 0.6296875 0.38203125 0.21171875 0.2484375
4 0.8703125 0.13125 0.2015625 0.239453125
4 0.63203125 0.8890625 0.1859375 0.221875
2 0.6296875 0.6453125 0.196875 0.215234375
2 0.8828125 0.8734375 0.229296875 0.250390625
4 0.38984375 0.1296875 0.21640625 0.255078125
2 0.38359375 0.38359375 0.215625 0.25078125
0 0.38203125 0.6296875 0.203125 0.223046875
0 0.3796875 0.87109375 0.237890625 0.25625
0 0.1359375 0.38671875 0.197265625 0.2484375
0 0.878125 0.6296875 0.1921875 0.1921875
4 0.640625 0.13046875 0.215234375 0.240625
4 0.1390625 0.62890625 0.183984375 0.20390625
0 0.1328125 0.87734375 0.216015625 0.2359375